,frame,surface_area_mouth,mouth_open
0,00001,8.581342530789016e-05,0
1,00002,0.00014213515216976447,0
2,00003,7.394327051013505e-05,0
3,00004,7.759398473528023e-05,0
4,00005,0.00010212321391112056,0
5,00006,0.00010321235955235153,0
6,00007,4.788907894770489e-05,0
7,00008,6.579406148699007e-05,0
8,00009,9.698856052953175e-05,0
9,00010,9.571969562749416e-05,0
10,00011,7.0734643307091e-05,0
11,00012,0.00011902918883066604,0
12,00013,0.0002042952620087135,0
13,00014,0.00022281800910572969,0
14,00015,0.0008962800388685466,0
15,00016,0.003932654060439411,0
16,00017,0.008522525689189209,0
17,00018,0.02233752773960518,0
18,00019,0.022250974349919517,0
19,00020,0.02556665704507388,0
20,00021,0.026055183011528094,0
21,00022,0.025092363314250576,0
22,00023,0.028807970245875225,0
23,00024,0.028505326091234018,0
24,00025,0.026520898034536167,0
25,00026,0.02745916946237692,0
26,00027,0.018527315518051424,0
27,00028,0.01363463954020716,0
28,00029,0.013164604012360748,0
29,00030,0.012710833239413688,0
30,00031,0.009317453498998596,1
31,00032,0.0030290893799156393,1
32,00033,0.0016094122309011638,1
33,00034,0.0019679688747142876,1
34,00035,0.00028783500430495934,1
35,00036,0.000394849535745756,1
36,00037,0.00014348295309662973,1
37,00038,0.0018828782731024063,1
38,00039,0.001136386362459163,1
39,00040,0.010652531420041633,1
40,00041,0.014386523311030075,1
41,00042,0.015251157879341726,1
42,00043,0.01622997337935761,1
43,00044,0.016316383513609978,1
44,00045,0.019128080388904678,1
45,00046,0.017561128547213478,1
46,00047,0.01270510058413965,1
47,00048,0.010462722043258488,1
48,00049,0.01051900449649601,1
49,00050,0.008536173229949817,1
50,00051,0.006752704129837639,1
51,00052,0.006888426927630142,1
52,00053,0.006995248108301766,1
53,00054,0.007280279484831453,1
54,00055,0.0064229408630280815,0
55,00056,0.0068174932842142155,0
56,00057,0.005880057879063649,0
57,00058,0.006101394063096954,0
58,00059,0.006028718626383878,0
59,00060,0.004118547590436172,0
60,00061,0.004748174728140597,0
61,00062,0.004220566866729669,0
62,00063,0.0019103225738472673,0
63,00064,0.002079422858747293,0
64,00065,0.00044835471320059384,0
65,00066,0.0008559045967331258,0
66,00067,0.0038492114833346136,0
67,00068,0.008164479529141566,0
68,00069,0.008698025730132564,0
69,00070,0.013691027418999191,0
70,00071,0.017395912409617686,0
71,00072,0.017943119721890888,0
72,00073,0.016142590683871916,0
73,00074,0.014858110875429986,0
74,00075,0.016567949544414873,0
75,00076,0.014266277713839592,0
76,00077,0.013015269263187967,0
77,00078,0.013965070767228305,0
78,00079,0.01396690801685807,0
79,00080,0.01293106147583245,0
80,00081,0.012929063688476461,0
81,00082,0.012803383757887588,0
82,00083,0.013579972078804126,0
83,00084,0.014368396060774558,0
84,00085,0.014662919723726908,0
85,00086,0.015567437358501302,0
86,00087,0.015813940474263433,1
87,00088,0.013699332124801344,1
88,00089,0.013720519813855248,1
89,00090,0.012439612211185391,1
90,00091,0.01171220924166061,1
91,00092,0.012533960760879204,1
92,00093,0.012193357231028656,1
93,00094,0.011935859217087952,1
94,00095,0.012204276309006445,1
95,00096,0.01316085341360651,1
96,00097,0.013863088026655035,1
97,00098,0.01375257952273401,1
98,00099,0.01407814808547947,1
99,00100,0.014225308752005006,1
100,00101,0.014501310248979493,1
101,00102,0.014049970775126042,1
102,00103,0.013933950392228667,1
103,00104,0.014500926020278193,1
104,00105,0.014799854519551126,1
105,00106,0.016123849119268563,1
106,00107,0.015237118151167017,1
107,00108,0.012419669994126359,1
108,00109,0.01237592760849715,1
109,00110,0.009796856280529731,1
110,00111,0.009821393105554854,1
111,00112,0.008474748408047184,1
112,00113,0.008641916705214747,1
113,00114,0.008209330547990668,1
114,00115,0.009648758806493518,1
115,00116,0.009358079231997607,1
116,00117,0.009427179456223733,1
117,00118,0.007893654560925611,1
118,00119,0.00810751254335873,1
119,00120,0.008865943102481566,1
120,00121,0.008222857933591676,1
121,00122,0.007300375397807812,1
122,00123,9.087556226905491e-05,1
123,00124,7.849966416451082e-05,1
124,00125,0.0012130896235662547,1
125,00126,0.0038942884128019273,0
126,00127,0.0033566447275932276,0
127,00128,6.0907966654255574e-05,0
128,00129,5.8648871945621295e-05,0
129,00130,0.00010107214791421626,0
130,00131,0.005708457185903626,0
131,00132,0.005657549893915537,0
132,00133,0.00013804954718388274,0
133,00134,0.00015046560574472068,0
134,00135,0.00011239075631586104,0
135,00136,0.00013604349001106186,0
136,00137,7.117114781518552e-05,0
137,00138,6.015598106667852e-05,0
138,00139,9.820043045749571e-05,0
139,00140,0.0028093487645275417,0
140,00141,0.0036474774604950966,0
141,00142,0.005557855010763113,0
142,00143,0.005435856188138466,0
143,00144,0.0056012884750682446,0
144,00145,0.004698531499226277,0
145,00146,0.006867235544994799,0
146,00147,0.00827915419633829,0
147,00148,0.008205899463464839,0
148,00149,0.010835430001588264,0
149,00150,0.016312708254164754,0
150,00151,0.02033333043423191,0
151,00152,0.023133529923084595,0
152,00153,0.023206451559495633,0
153,00154,0.02586897990478576,0
154,00155,0.023571663112607943,0
155,00156,0.021603538100909425,0
156,00157,0.02348720386721226,0
157,00158,0.02319234140039761,0
158,00159,0.018711329335266313,0
159,00160,0.01828905473111142,1
160,00161,0.020589949368757132,1
161,00162,0.0236533441165081,1
162,00163,0.024031503588245684,1
163,00164,0.022432045579274806,1
164,00165,0.021015245556070816,1
165,00166,0.02018121136091633,1
166,00167,0.019358514001972082,1
167,00168,0.019432044159600537,1
168,00169,0.01750786853427666,1
169,00170,0.016435682557206732,1
170,00171,0.015969521107400908,1
171,00172,0.003376293501891503,1
172,00173,0.003815499960539981,1
173,00174,0.0002798749217101104,1
174,00175,0.00028505474237761064,1
175,00176,0.00025191005023739166,1
176,00177,0.0002597688011780619,1
177,00178,0.00027107608297249897,1
178,00179,0.0011279790525087208,1
179,00180,0.00021863402513666585,1
180,00181,0.0025586401083037558,1
181,00182,0.01260114742951135,1
182,00183,0.012874176777619262,1
183,00184,0.019038580496924418,1
184,00185,0.01889415122540683,1
185,00186,0.022217860242616183,1
186,00187,0.02448551852911418,1
187,00188,0.0245160862886582,1
188,00189,0.0261705662427989,1
189,00190,0.020772693585681345,1
190,00191,0.02435315235717539,1
191,00192,0.021336137106196418,1
192,00193,0.021268705224808393,1
193,00194,0.01702017311089854,1
194,00195,0.0182936561231406,1
195,00196,0.01599549357134311,1
196,00197,0.01265556786117994,1
197,00198,0.012580124175618934,1
198,00199,0.008957163849530936,1
199,00200,0.00593174952346498,1
200,00201,0.0030628503517737826,1
201,00202,0.003232496878887048,1
202,00203,0.003152876948385064,1
203,00204,0.0054594807042143145,1
204,00205,0.009246165116342908,1
205,00206,0.012458541717833782,1
206,00207,0.012674877375959959,1
207,00208,0.012385033945147228,1
208,00209,0.002808930955364275,1
209,00210,0.00019527387471462987,1
210,00211,0.0001694823424038816,1
211,00212,0.0002121961662018279,1
212,00213,0.00020614209123070992,1
213,00214,0.0002038674326936274,1
214,00215,0.00010760750748151082,1
215,00216,0.0013462623992746003,1
216,00217,0.004144029126221582,0
217,00218,0.004598128005193658,0
218,00219,0.004544294734975196,0
219,00220,0.00825556776368952,0
220,00221,0.011630418015414534,0
221,00222,0.011910132173935217,0
222,00223,0.012117248551971826,0
223,00224,0.01253453326401388,0
224,00225,0.011909172453019146,0
225,00226,0.01235463833984074,0
226,00227,0.01332879927006747,0
227,00228,0.011989844298025076,0
228,00229,0.01247929803806258,0
229,00230,0.012175965159623381,0
230,00231,0.014276376928143542,0
231,00232,0.014400054641983573,0
232,00233,0.014300243412972868,0
233,00234,0.015265090507171841,0
234,00235,0.0190962371599257,0
235,00236,0.023676466633990145,0
236,00237,0.021956998552928653,0
237,00238,0.022059221606478552,0
238,00239,0.014080613141025822,0
239,00240,0.009762900015150677,1
240,00241,0.005772081657241301,1
241,00242,0.0042904439211435275,1
242,00243,0.00608489692794123,1
243,00244,0.006931180726573061,1
244,00245,0.006923459576785973,1
245,00246,0.005832605629373155,1
246,00247,9.253622239402404e-05,1
247,00248,8.052133906311099e-05,1
248,00249,0.0015019885113334297,1
249,00250,0.010192286717948917,1
250,00251,0.016326006924642478,1
251,00252,0.021404021524237038,1
252,00253,0.02148748711532189,1
253,00254,0.021295995618499042,1
254,00255,0.01704438618762172,1
255,00256,0.005177225654673379,1
256,00257,0.00010888416256893407,1
257,00258,0.00012276828916224503,1
258,00259,9.921637261811611e-05,1
259,00260,0.000119413660419454,1
260,00261,0.002285428588700178,0
261,00262,0.004244765837223774,0
262,00263,0.00480053465640129,0
263,00264,0.009113010240926478,0
264,00265,0.010374220518131416,0
265,00266,0.00942604653644974,0
266,00267,0.01027263733345496,0
267,00268,0.010105160898010723,0
268,00269,0.007998693341830787,0
269,00270,0.0010583930185372736,0
270,00271,7.921673728095158e-05,0
271,00272,7.949834398157662e-05,0
272,00273,9.522626591795813e-05,0
273,00274,8.171121922906366e-05,0
274,00275,0.00011108432887318997,0
275,00276,5.715647744519714e-05,0
276,00277,7.87505194344007e-05,0
277,00278,0.0001511552284476636,0
278,00279,7.868224348150932e-05,0
279,00280,9.606808502038433e-05,0
280,00281,4.952190906326592e-05,0
281,00282,0.0001056633532021678,0
282,00283,0.00013050677926695897,0
283,00284,0.007390776598874105,0
284,00285,0.009130926273891227,0
285,00286,0.011352647172450325,0
286,00287,0.01564107967553685,0
287,00288,0.017207097171352714,0
288,00289,0.017556561204762566,0
289,00290,0.021326002905516006,0
290,00291,0.017480688648543463,0
291,00292,0.01852141125797413,0
292,00293,0.01881354510136468,0
293,00294,0.01796511468873696,0
294,00295,0.0183468872300816,0
295,00296,0.01632182291289208,0
296,00297,0.015379068294793186,0
297,00298,0.016161815131850332,0
298,00299,0.014400011497470722,0
299,00300,0.01562226079959217,0
300,00301,0.0157477049930268,0
301,00302,0.01535276990716472,0
302,00303,0.01616954417906946,1
303,00304,0.014210466970704161,1
304,00305,0.014907547869401405,1
305,00306,0.014598556902903681,1
306,00307,0.014030153441639825,1
307,00308,0.013108878903535626,1
308,00309,0.011730077816192619,1
309,00310,0.01328037326453746,1
310,00311,0.005483030503396158,1
311,00312,0.004113520775912427,1
312,00313,0.004876535709691154,1
313,00314,0.0012681925991202547,1
314,00315,0.0027653076962170786,1
315,00316,0.00784889679821621,1
316,00317,0.005434554754650378,1
317,00318,0.0031502077318483757,1
318,00319,0.006390805969754609,1
319,00320,0.005857936545313969,1
320,00321,0.005873879467197973,1
321,00322,0.006148709768109661,1
322,00323,0.006933611863808586,1
323,00324,0.007472580675379703,1
324,00325,0.009848365373889223,0
325,00326,0.008926973039589114,0
326,00327,0.010204018311936736,0
327,00328,0.010305361712404704,0
328,00329,0.011510749897801986,0
329,00330,0.010616894743137095,0
330,00331,0.008187580691272345,0
331,00332,0.005957512455059266,0
332,00333,0.005692490977958542,0
333,00334,0.0029163209013685076,0
334,00335,7.458689765726945e-05,0
335,00336,0.00015711619505776042,0
336,00337,5.971225721168594e-05,0
337,00338,7.050656766072194e-05,0
338,00339,9.265382522993804e-05,0
339,00340,9.279039003207146e-05,0
340,00341,0.00018320105378411,0
341,00342,0.00015438885873564345,0
342,00343,0.00016477386470459265,0
343,00344,0.007532030559427305,0
344,00345,0.016566153326046162,0
345,00346,0.022135611832161395,0
346,00347,0.021416441824807286,0
347,00348,0.022370025666576865,0
348,00349,0.021027897056425715,0
349,00350,0.02403895288384117,0
350,00351,0.02529126346439803,0
351,00352,0.024793460076143248,0
352,00353,0.024750315163116987,0
353,00354,0.023080490822171562,1
354,00355,0.018044765555520925,1
355,00356,0.0015963369417519857,1
356,00357,0.00036585758536844537,0
357,00358,0.00035464934704165785,0
358,00359,0.003041269100275912,0
359,00360,0.0028608534074434644,0
360,00361,0.003442991156731523,0
361,00362,0.0002958758476721002,0
362,00363,0.00030115474164205125,0
363,00364,0.00022147476429168478,0
364,00365,0.00020477023305964792,0
365,00366,0.0002767768867020237,0
366,00367,0.00029252264789292326,0
367,00368,0.0002917335039844815,0
368,00369,0.0004752054935677208,0
369,00370,0.010048007502795109,0
370,00371,0.012388035983223133,0
371,00372,0.01382945190658269,0
372,00373,0.013369014835042492,1
373,00374,0.01351005581386211,1
374,00375,0.013664574362524107,1
375,00376,0.014427198855741175,0
376,00377,0.017379245707210167,0
377,00378,0.016928230300010227,0
378,00379,0.021707046197199098,0
379,00380,0.02476863909885374,0
380,00381,0.024063921219696915,0
381,00382,0.025218157478587244,0
382,00383,0.0250498968576629,0
383,00384,0.022558890412749832,0
384,00385,0.018600328371194408,0
385,00386,0.015395381206924519,1
386,00387,0.01544308543823636,1
387,00388,0.015294957515862961,1
388,00389,0.01544498152424012,1
389,00390,0.01425261248309262,1
390,00391,0.013902746281524436,1
391,00392,0.011481739024017834,1
392,00393,0.011322415890511195,1
393,00394,0.011734668023153816,1
394,00395,0.011220553479740047,1
395,00396,0.01150854433054782,1
396,00397,0.010971541759434267,1
397,00398,0.011027510966924225,1
398,00399,0.009271093747220682,1
399,00400,0.008760208236561873,1
400,00401,0.008288672448143686,1
401,00402,0.008329400293374256,1
402,00403,0.007039395611918131,1
403,00404,0.007884547829168476,1
404,00405,0.00831972070123399,1
405,00406,0.009211488069725604,1
406,00407,0.009286907102740827,1
407,00408,0.00862746851671048,1
408,00409,0.0067655777630868386,1
409,00410,0.0059891101471496455,1
410,00411,0.007499826989873171,1
411,00412,0.007743240108845306,1
412,00413,0.01088809281551395,1
413,00414,0.014173516519414342,1
414,00415,0.01732713492290383,1
415,00416,0.014395616783227538,1
416,00417,0.014746349243070611,1
417,00418,0.004239009138710337,1
418,00419,0.00010903902645864605,0
419,00420,0.00012736825877812663,0
420,00421,0.00013114250920676085,0
421,00422,0.0002145242371227596,0
422,00423,0.005372878523246527,0
423,00424,0.008330121473004937,0
424,00425,0.009809278138161126,0
425,00426,0.009798125045145767,0
426,00427,0.00988342075363402,0
427,00428,0.009928537232341661,0
428,00429,0.010771613463729679,0
429,00430,0.009651803038711826,0
430,00431,0.009482988786448487,0
431,00432,0.0095550424326305,0
432,00433,0.009700150292792031,0
433,00434,0.012381140933962698,0
434,00435,0.011501067306808999,0
435,00436,0.013705340742859562,0
436,00437,0.013154085432094398,0
437,00438,0.015618755181008304,0
438,00439,0.01747362348542225,0
439,00440,0.023011746738418104,0
440,00441,0.0017801199031524106,0
441,00442,0.0017401221068293893,0
442,00443,0.0001955055856290855,0
443,00444,0.00016604991018986937,0
444,00445,0.00015066590579593253,0
445,00446,0.0062701940680574,0
446,00447,0.007035934773014674,0
447,00448,0.020775469222960474,0
448,00449,0.023978136213003154,0
449,00450,0.023801370085070772,0
450,00451,0.02185555985082921,1
451,00452,0.022233384330875516,1
452,00453,0.022434898760657518,1
453,00454,0.021414431155469593,1
454,00455,0.02178143232989438,1
455,00456,0.018272415360410577,1
456,00457,0.01824703883935186,1
457,00458,0.01790987121626042,1
458,00459,0.018218604264934157,1
459,00460,0.01790292965600937,1
460,00461,0.01768614296088966,1
461,00462,0.017520556440688395,1
462,00463,0.017220672877559018,1
463,00464,0.01711543401476323,1
464,00465,0.018061445976585766,1
465,00466,0.019656350792940813,1
466,00467,0.01974290087402064,1
467,00468,0.019141292516399844,1
468,00469,0.01960895474205593,1
469,00470,0.02255899331468747,1
470,00471,0.023487679769942815,1
471,00472,0.023372438399538176,1
472,00473,0.022793603325469647,1
473,00474,0.023008117894348423,1
474,00475,0.019002430731522857,1
475,00476,0.018731517205273107,1
476,00477,0.01902230400183047,1
477,00478,0.0166065298994047,1
478,00479,0.016070434149906276,1
479,00480,0.015730590500157682,1
480,00481,0.016746427004336262,1
481,00482,0.016954628916846737,1
482,00483,0.01582040229356174,1
483,00484,0.015024442048875208,1
484,00485,0.01725995982099171,1
485,00486,0.019159514152550905,1
486,00487,0.018653437106451065,1
487,00488,0.02052143361058345,1
488,00489,0.022903513170547285,1
489,00490,0.02457720100005467,1
490,00491,0.027072082185479296,1
491,00492,0.027407659919717275,1
492,00493,0.029243095896785753,1
493,00494,0.029474725494981868,1
494,00495,0.018474928514359057,1
495,00496,0.00022768044092735806,1
496,00497,0.00022576702468324328,1
497,00498,0.0003040446373425709,1
498,00499,0.011699387214608947,1
499,00500,0.015220111668638125,1
500,00501,0.015837485501018378,1
501,00502,0.015749454146239295,1
502,00503,0.01107069380002823,1
503,00504,0.005603463505239326,1
504,00505,0.0002758770203872274,1
505,00506,0.0037812083521799877,1
506,00507,0.003622419510401542,1
507,00508,0.009376210263172702,1
508,00509,0.006928430130867191,1
509,00510,8.739169925231494e-05,1
510,00511,7.242716868827159e-05,1
511,00512,0.00010416805720492306,1
512,00513,0.00013213159873082247,1
513,00514,0.010327647893781489,1
514,00515,0.01358499457310458,1
515,00516,0.014441797972835957,1
516,00517,0.014319570352538058,1
517,00518,0.014987625562127072,1
518,00519,0.010455510759830311,1
519,00520,0.002982794920641574,1
520,00521,0.0026711133079304616,0
521,00522,0.0029569329973684333,0
522,00523,0.008535999699734731,0
523,00524,0.01346192994566664,0
524,00525,0.0128843431085226,0
525,00526,0.014408620012746454,0
526,00527,0.014279214227029158,0
527,00528,0.014730042933603471,0
528,00529,0.013979786490907031,0
529,00530,0.013856850073041826,0
530,00531,0.01306626227562635,0
531,00532,0.012896828127521687,0
532,00533,0.0014833464460233259,0
533,00534,0.00018970700338361013,0
534,00535,0.006211366205052471,0
535,00536,0.010084592740589038,0
536,00537,0.008987026102960982,0
537,00538,0.010479607805403468,0
538,00539,0.010951204139688642,0
539,00540,0.007473457543320627,0
540,00541,6.516316407711997e-05,0
541,00542,9.277292261078429e-05,0
542,00543,0.00013343073453686571,0
543,00544,0.006555130924628116,0
544,00545,0.01004968860020572,0
545,00546,0.0002671924168726747,0
546,00547,0.00030394378816112066,0
547,00548,0.0004664444479649532,0
548,00549,0.012276610213358019,0
549,00550,0.00997206804992512,0
550,00551,0.00010819430525188523,0
551,00552,0.00027517993070702573,0
552,00553,0.00016442373910408037,0
553,00554,0.008327323436609468,0
554,00555,0.010457020413349838,0
555,00556,0.012945683224386606,0
556,00557,0.012975089541797935,0
557,00558,0.012733942463138526,0
558,00559,0.013737339604957377,0
559,00560,0.012661641278358893,0
560,00561,0.012562641148799791,0
561,00562,0.012604348145441868,0
562,00563,0.012186037857990328,0
563,00564,0.013927119150499934,0
564,00565,0.016553939170596443,0
565,00566,0.019160066288727684,0
566,00567,0.018846104810029907,0
567,00568,0.01571360631512775,0
568,00569,0.015567819395664984,0
569,00570,0.013862231456042373,0
570,00571,0.012828613183618387,0
571,00572,0.012685940123414952,0
572,00573,0.011644026829611853,1
573,00574,0.01277034043444747,1
574,00575,0.01397535492113633,1
575,00576,0.018415638474423623,1
576,00577,0.018392827060943695,1
577,00578,0.017544326829175283,1
578,00579,0.018508107276293373,1
579,00580,0.01917735617693861,1
580,00581,0.020220933808026587,1
581,00582,0.021159127947795398,1
582,00583,0.0174531925657746,1
583,00584,0.015358914574414406,1
584,00585,0.011354106398755448,1
585,00586,0.012613376553612277,1
586,00587,0.012115422120142938,1
587,00588,0.013003414652272838,1
588,00589,0.013733346479801511,1
589,00590,0.004506536556595719,1
590,00591,0.01705821605105573,1
591,00592,0.012509553318451161,1
592,00593,0.009235958273867695,1
593,00594,0.011308815563507935,1
594,00595,0.0072037308737922245,1
595,00596,0.005160992334951153,1
596,00597,0.0102452663400463,1
597,00598,0.0012215011701837142,1
598,00599,0.00013869860514414967,1
599,00600,5.030256739324557e-05,1
600,00601,0.00139620092177406,1
601,00602,0.0008497032061391963,1
602,00603,0.003972111090608799,1
603,00604,0.00042266643344479604,1
604,00605,0.0012063024034638659,1
605,00606,0.011028109356785443,0
606,00607,0.01324187705098101,0
607,00608,0.029370459756828282,1
608,00609,0.032439857310960996,1
609,00610,0.031856926144446795,1
610,00611,0.03186994475722926,1
611,00612,0.030086063431315146,1
612,00613,0.02671793306315884,1
613,00614,0.009155928914349687,1
614,00615,0.00012015077264404539,1
615,00616,0.000142477474616598,1
616,00617,0.00013429587988689207,1
617,00618,0.009872241285104444,1
618,00619,0.014196964703795167,1
619,00620,0.014730118739652909,1
620,00621,0.017685678371443636,1
621,00622,0.018066280663595613,1
622,00623,0.015776868496674368,1
623,00624,0.01857942545518121,1
624,00625,0.019713976525046917,1
625,00626,0.019848873769381825,1
626,00627,0.01983793144496815,1
627,00628,0.010059223082310886,1
628,00629,0.002176865117581528,1
629,00630,0.00018526532248941407,1
630,00631,0.00036515848622187264,1
631,00632,0.000369889779673116,1
632,00633,0.003989120132214197,1
633,00634,0.006943239851331384,1
634,00635,0.009050402465098806,1
635,00636,0.009756128932085772,1
636,00637,0.009702697826585727,1
637,00638,0.008865711508179608,1
638,00639,0.005658592959214559,1
639,00640,0.00020096111295409003,1
640,00641,0.0001372783943374145,0
641,00642,0.00013830624030397587,0
642,00643,0.0029005397023329493,0
643,00644,0.006992866147186305,0
644,00645,0.01049461579791533,0
645,00646,0.01109741669330866,0
646,00647,0.011289765269236973,0
647,00648,0.009459134413021708,0
648,00649,0.01015599828785163,0
649,00650,0.010549994966572385,0
650,00651,0.010796107029705126,0
651,00652,0.01046716193678332,0
652,00653,0.009502792634950907,0
653,00654,0.009400844749528403,0
654,00655,0.008942760978010611,0
655,00656,0.008552565897067765,0
656,00657,0.008015137042929332,0
657,00658,0.008457256972119964,0
658,00659,0.009026567579388356,0
659,00660,0.009405585685556161,0
660,00661,0.0078886486146299,0
661,00662,0.008207585774052006,0
662,00663,0.00017074863395905027,0
663,00664,0.00016143543559188345,0
664,00665,0.000150868934302828,0
665,00666,0.00012836272790206493,0
666,00667,0.00013908006513663196,0
667,00668,0.0001881162973669248,0
668,00669,0.00015336380112174197,0
669,00670,0.00011791444622399894,0
670,00671,0.00011847608313075852,0
671,00672,0.00013787923232122523,0
672,00673,0.00015327568079381848,0
673,00674,0.00013594391772464576,0
674,00675,0.0001331358652105763,0
675,00676,0.00014011021701598736,0
676,00677,0.00012458594659836564,0
677,00678,0.000144891623369503,0
678,00679,0.0001281522594762663,0
679,00680,0.0001484008882108867,0
680,00681,0.00015117152527288624,0
681,00682,0.00011317727892734553,0
682,00683,0.00012908848518033977,0
683,00684,0.00014952978210835965,0
684,00685,0.0001175594929039292,0
685,00686,0.00011825231457240903,0
686,00687,0.00011595817790066576,0
687,00688,0.00012116106364334911,0
688,00689,0.00010995071699060333,0
689,00690,0.00011731161860950579,0
690,00691,0.00011162351563420714,0
691,00692,0.0001280407737382916,0
692,00693,8.986371152985839e-05,0
693,00694,0.00011551654233876718,0
694,00695,0.0001314364094762155,0
695,00696,0.00013059839834550502,0
696,00697,0.000151589684655562,0
697,00698,0.0001449510733015913,0
698,00699,0.00015825370869038125,0
699,00700,0.0001257918226071908,0
700,00701,0.00012503903520322268,0
701,00702,0.00012509006355720942,0
702,00703,8.75062111935776e-05,0
703,00704,9.703869101773677e-05,0
704,00705,8.881372202562687e-05,0
705,00706,9.39255057801347e-05,0
706,00707,0.00010150051811042005,0
707,00708,0.00011363503101957662,0
708,00709,0.007385632259659047,0
709,00710,0.019888363286440836,0
710,00711,0.019902766747108558,0
711,00712,0.02606250410166666,0
712,00713,0.028667137411695798,0
713,00714,0.028472897985087897,0
714,00715,0.029599018085143314,0
715,00716,0.02997434689215961,0
716,00717,0.03125278881244853,0
717,00718,0.028489454917700385,0
718,00719,0.029237684113443407,0
719,00720,0.028951041471430905,0
720,00721,0.02886775973241207,1
721,00722,0.029249136974417667,1
722,00723,0.030246473794535156,1
723,00724,0.029633847728247176,1
724,00725,0.028727696458354046,1
725,00726,0.028732125646431683,1
726,00727,0.024430421328853313,1
727,00728,0.016984699221819,1
728,00729,0.007784974954989643,1
729,00730,0.002519864690068374,1
730,00731,0.0031365719375449075,1
731,00732,0.0022147634723861387,1
732,00733,0.005702889241630871,1
733,00734,0.007862318825987202,1
734,00735,0.0022889648723491973,1
735,00736,0.002770639896077398,1
736,00737,0.00022572452761959738,1
737,00738,0.00020290997530914012,1
738,00739,0.0035257144250753214,1
739,00740,0.008402802286958,1
740,00741,0.007910496287296453,1
741,00742,0.012531531451706712,1
742,00743,0.01394845973841452,1
743,00744,0.0138398902132284,1
744,00745,0.009401725563290775,1
745,00746,0.009480392963595818,1
746,00747,0.00867442160691212,1
747,00748,0.007601529378802319,1
748,00749,0.006313132929859577,1
749,00750,0.006217226933276088,1
750,00751,0.005936745124049736,1
751,00752,0.0050689766148597215,1
752,00753,0.004659395853937376,0
753,00754,0.000997245612651021,0
754,00755,0.001059112159360609,0
755,00756,0.0003260770533231039,0
756,00757,0.003002751839287221,0
757,00758,0.007497160675240089,0
758,00759,0.0077747307180437986,0
759,00760,0.009034678072202595,0
760,00761,0.00947481573279152,0
761,00762,0.010519961188252047,0
762,00763,0.014041404156721171,0
763,00764,0.010053071783405976,0
764,00765,0.0001406935652887853,0
765,00766,0.00017616119555796672,0
766,00767,0.0001603099463585167,0
767,00768,0.002110302599714231,0
768,00769,0.007543656412089206,0
769,00770,0.001893118704853869,0
770,00771,0.002349013364669972,0
771,00772,0.002171600885848335,0
772,00773,0.001296702284668605,0
773,00774,0.008490185951028018,0
774,00775,0.00994891820354038,0
775,00776,0.009883754632777908,0
776,00777,0.009865744161674073,0
777,00778,0.010464098328591298,0
778,00779,0.008140836581845612,0
779,00780,0.006420031280842231,0
780,00781,0.006297490762769975,0
781,00782,0.003950849381674004,0
782,00783,0.0005861011847283493,0
783,00784,0.0007706118547403662,0
784,00785,0.0001435780207037496,0
785,00786,0.0001272240459977425,0
786,00787,5.257432665928263e-05,0
787,00788,2.9893765891131352e-05,0
788,00789,4.245188828910784e-05,0
789,00790,1.220453986228165e-05,0
790,00791,1.590945798035648e-05,0
791,00792,3.443278129822147e-05,0
792,00793,6.861070208952214e-05,0
793,00794,4.658524146705645e-05,0
794,00795,6.569783875942647e-05,0
795,00796,6.525605031537651e-05,0
796,00797,8.071546169130528e-05,0
797,00798,0.00013596639144530798,0
798,00799,0.00010228278988577699,0
799,00800,5.4496338155907154e-05,0
800,00801,0.00010566005305712167,0
801,00802,8.808333805987445e-05,0
802,00803,0.00013424101883341422,0
803,00804,0.00018629818775739437,0
804,00805,0.00015252264593357268,0
805,00806,0.00019920021248953645,0
806,00807,0.006211086918924913,0
807,00808,0.008993742806697291,0
808,00809,0.011120434981617855,0
809,00810,0.01182156468640816,0
810,00811,0.011658894038262702,0
811,00812,0.009622879142707319,0
812,00813,0.008556941458104816,0
813,00814,0.0076911331312299325,0
814,00815,0.008468868175649291,0
815,00816,0.008460115030974436,0
816,00817,0.00920981745307703,0
817,00818,0.00973982040599708,0
818,00819,0.008894211214538927,0
819,00820,0.009767044827588833,0
820,00821,0.009375384898392625,0
821,00822,0.010148849375132052,0
822,00823,0.01017836855487353,0
823,00824,0.010341961112834142,0
824,00825,0.010762046723576724,0
825,00826,0.01077627704602424,0
826,00827,0.010388800270026977,0
827,00828,0.010394485334601633,0
828,00829,0.010021135011753834,0
829,00830,0.010073346110681669,0
830,00831,0.009675518833289765,0
831,00832,0.008584695698736766,0
832,00833,0.00800469570816098,0
833,00834,0.008666263126174911,0
834,00835,0.009922142030776016,0
835,00836,0.010197570572185732,0
836,00837,0.009972270853054077,0
837,00838,0.006497101710012387,0
838,00839,0.005340711354354433,0
839,00840,0.004004412816278169,0
840,00841,0.004228985820899034,0
841,00842,0.001998437156482069,0
842,00843,0.0030881053859150853,0
843,00844,0.003186879773772411,0
844,00845,0.0026507763752681157,0
845,00846,0.003158892532954205,0
846,00847,0.0025906774396275978,0
847,00848,0.0025128034299441993,0
848,00849,0.0001462707338291125,0
849,00850,0.000198684442942465,0
850,00851,0.00056884514042288,0
851,00852,0.0014546701409674512,0
852,00853,0.0010190663020130941,0
853,00854,0.0018127479522558332,0
854,00855,6.989128311118975e-05,0
855,00856,6.4733537072037e-05,0
856,00857,8.045266522049843e-05,0
857,00858,0.001526219032571774,0
858,00859,0.009491580565683222,0
859,00860,0.01122054273452111,0
860,00861,0.011417860155323645,0
861,00862,0.014897139091508471,0
862,00863,0.016960280528248717,0
863,00864,0.008837206797849717,0
864,00865,8.871817812838856e-05,0
865,00866,0.00010164576334137365,0
866,00867,7.913650229873781e-05,0
867,00868,5.576397537598865e-05,0
868,00869,9.796910943737913e-05,0
869,00870,0.00010131277291769436,0
870,00871,8.93813738933602e-05,0
871,00872,0.00012660112079299068,0
872,00873,0.00014420477207988114,0
873,00874,0.00013068756527623293,0
874,00875,0.00015295377292989798,0
875,00876,0.00013978073322373774,0
876,00877,0.004908226086048906,0
877,00878,0.01034186764285927,0
878,00879,0.015489835594731716,0
879,00880,0.014701518684804071,0
880,00881,0.015235086626645078,0
881,00882,0.012834636488268103,0
882,00883,0.01145570545534813,0
883,00884,0.010182803028023102,0
884,00885,0.010370999941374137,0
885,00886,0.010234438645788657,0
886,00887,0.010917877614053495,0
887,00888,0.010331518712320964,0
888,00889,0.011605245602813952,0
889,00890,0.009646851515884514,0
890,00891,0.009755377511305063,0
891,00892,0.007413089085994251,0
892,00893,0.004593546273567561,0
893,00894,0.008088824617447088,0
894,00895,0.00123319969817004,0
895,00896,0.0013623564380473852,0
896,00897,0.00034268354070388085,0
897,00898,0.006502512879928091,0
898,00899,0.0014567042924049645,0
899,00900,0.0031078093773349025,0
900,00901,0.0032084978130475506,0
901,00902,0.0066512035708559125,0
902,00903,0.007436856092961186,0
903,00904,0.0032520998059339945,0
904,00905,0.00030073911642336526,0
905,00906,0.00018778624547177714,0
906,00907,0.003558316702116038,0
907,00908,0.0029523255690699912,0
908,00909,0.002184087226910769,0
909,00910,0.00011835287703121367,0
910,00911,0.00013490587618125716,0
911,00912,0.003946752197128589,0
912,00913,0.0031768915071808124,0
913,00914,0.0006407178498957222,0
914,00915,0.0024118665751613477,0
915,00916,0.002381410930944128,0
916,00917,0.002601614173907585,0
917,00918,0.003225885342115653,0
918,00919,0.005323914742880298,0
919,00920,0.009498065835492397,0
920,00921,0.00916330199267712,0
921,00922,0.010176144664616693,0
922,00923,0.013956893144931648,0
923,00924,0.019275820479212058,0
924,00925,0.01015602932773696,0
925,00926,0.009795535732299854,0
926,00927,0.0019317380811543217,0
927,00928,0.0007218979632694911,0
928,00929,0.0026965005334762537,0
929,00930,0.00840146928393981,0
930,00931,0.008147619598680045,0
931,00932,0.009457715510580833,0
932,00933,0.01156373573539593,0
933,00934,0.01451723116399517,0
934,00935,0.014634637935593275,0
935,00936,0.010096728948783884,0
936,00937,0.007964745032668752,0
937,00938,0.006490832823780046,0
938,00939,0.006827700188352992,0
939,00940,0.006503503701738467,0
940,00941,0.007618895388888269,0
941,00942,0.007649578025292314,0
942,00943,0.0045650660597686965,0
943,00944,0.0053695317098370055,0
944,00945,0.005469305891883103,0
945,00946,0.005264882859894904,0
946,00947,0.006854793684666127,0
947,00948,0.00876795850546408,0
948,00949,0.009594952507860022,0
949,00950,0.009566987322908282,0
950,00951,0.008293470523224045,0
951,00952,0.008173473190308478,0
952,00953,0.007223982655882644,0
953,00954,0.006552363656809668,0
954,00955,0.006388325551932361,0
955,00956,0.006260801005007366,0
956,00957,0.0060939116657472425,0
957,00958,0.005568348731060269,0
958,00959,0.003357670763463716,0
959,00960,0.0033888386724578723,0
960,00961,0.0060387789020115434,0
961,00962,0.008323129034984333,0
962,00963,0.010239148046954583,0
963,00964,0.01084738613900349,0
964,00965,0.010985200565893471,0
965,00966,0.01369133266817002,0
966,00967,0.011149924651825849,0
967,00968,0.012388850658961559,0
968,00969,0.012101297344854878,0
969,00970,0.01212189800207586,0
970,00971,0.011353036912679748,0
971,00972,0.011984532240196799,0
972,00973,0.010942523592719411,0
973,00974,0.015577863551964555,0
974,00975,0.015709214763957036,0
975,00976,0.017774548122150513,0
976,00977,0.017875863052266183,0
977,00978,0.01606952987782506,0
978,00979,0.0143617933509681,0
979,00980,0.013923966509261199,1
980,00981,0.01239586619936972,1
981,00982,0.012273129488798773,1
982,00983,0.010983638210423585,1
983,00984,0.010030641716216593,1
984,00985,0.009766694311508672,1
985,00986,0.01127052096784098,1
986,00987,0.0145559145866887,1
987,00988,0.014104052926217747,1
988,00989,0.014239752535173622,1
989,00990,0.013514222414845456,1
990,00991,0.01479964388359356,1
991,00992,0.01829612934819025,1
992,00993,0.018690234535220007,1
993,00994,0.021746000273497046,1
994,00995,0.022093757144875603,1
995,00996,0.02122967090573269,1
996,00997,0.02211467466396133,1
997,00998,0.020695775503890346,1
998,00999,0.02331067946486609,1
999,01000,0.02241657595470059,1
1000,01001,0.020624806280466146,1
1001,01002,0.022827523465918986,1
1002,01003,0.02023923718885534,1
1003,01004,0.01831549577365177,1
1004,01005,0.017032831963355477,1
1005,01006,0.003699843229851396,1
1006,01007,0.0004921004924769434,1
1007,01008,0.000224240808782028,1
1008,01009,0.0003782985023317309,1
1009,01010,0.0003402701019625809,1
1010,01011,0.00022685182282877747,1
1011,01012,0.0002750016630832519,1
1012,01013,0.01067809208603343,1
1013,01014,0.017135811028072823,1
1014,01015,0.01741623577816931,1
1015,01016,0.022979287609158128,1
1016,01017,0.01883043306049892,1
1017,01018,0.01060653933909439,1
1018,01019,0.0005042068598779537,1
1019,01020,0.001266465824347307,1
1020,01021,0.0033438944265853365,1
1021,01022,0.008475515087004837,1
1022,01023,0.012957838133155875,1
1023,01024,0.00558417521388499,1
1024,01025,0.005536692350779582,1
1025,01026,0.00029449568209560795,1
1026,01027,0.00026143661708921684,0
1027,01028,0.007352736106758684,0
1028,01029,0.018717911330282888,0
1029,01030,0.01865682364874388,0
1030,01031,0.0185181111553403,0
1031,01032,0.015093772097519498,0
1032,01033,0.012659967407996575,0
1033,01034,0.01303239113741661,0
1034,01035,0.013854981634317198,0
1035,01036,0.012619903906875507,0
1036,01037,0.014772066365446257,0
1037,01038,0.01650061819677262,0
1038,01039,0.00846711015904944,0
1039,01040,0.008284315310133294,1
1040,01041,7.8856067482036e-05,1
1041,01042,0.0003556640281532353,1
1042,01043,0.004715481261666987,0
1043,01044,0.007592968096640007,0
1044,01045,0.007590170671984531,0
1045,01046,0.010135447557203747,0
1046,01047,0.009783291610022893,0
1047,01048,0.008161593059314853,0
1048,01049,0.010228491105258364,0
1049,01050,0.010376148177842381,0
1050,01051,0.011132943659858618,0
1051,01052,0.012932240171610765,0
1052,01053,0.01278612165741766,0
1053,01054,0.007571540082902395,0
1054,01055,0.007589962898669533,0
1055,01056,0.0037504014011791043,0
1056,01057,0.007289126865268614,1
1057,01058,0.009183944982305903,1
1058,01059,0.0049888681500567245,0
1059,01060,0.0053445819464457145,0
1060,01061,0.00013453575382360583,0
1061,01062,0.000657326357464072,0
1062,01063,0.0026154443316634968,0
1063,01064,0.00360748921082088,0
1064,01065,0.0029510324701726987,0
1065,01066,0.0034883155020448697,0
1066,01067,0.006151357399353685,0
1067,01068,0.008406153205503308,0
1068,01069,0.012607929220211922,0
1069,01070,0.01250134681481363,0
1070,01071,0.0135993239386627,0
1071,01072,0.011904247268097023,0
1072,01073,0.011167716629119084,0
1073,01074,0.010112759315561881,0
1074,01075,0.01006237900373197,0
1075,01076,0.009101953666842633,0
1076,01077,0.004724131697804168,0
1077,01078,0.00018974768008561682,0
1078,01079,9.862128699644757e-05,0
1079,01080,0.00014888139148983015,0
1080,01081,3.29354360051326e-05,0
1081,01082,2.1301882925151006e-05,0
1082,01083,5.300924104467697e-05,0
1083,01084,0.0003461538709146339,0
1084,01085,0.00038299441797207123,0
1085,01086,0.002015751853788217,0
1086,01087,0.002739247277377288,0
1087,01088,0.0021588002081021074,0
1088,01089,0.0033673114550891725,0
1089,01090,0.0037209960199859893,0
1090,01091,0.0002522344191389081,0
1091,01092,0.000263221044801476,0
1092,01093,0.00013290227732820625,0
1093,01094,0.0001466598493227167,0
1094,01095,0.00013702906439405638,0
1095,01096,0.00013976969225026892,0
1096,01097,8.923381852277146e-05,0
1097,01098,0.00014776582330000565,0
1098,01099,0.00011882282474040551,0
1099,01100,0.00013058653695274813,0
1100,01101,6.515318323074837e-05,0
1101,01102,8.869499825703286e-05,0
1102,01103,0.0001031467973851008,0
1103,01104,8.569302051064653e-05,0
1104,01105,6.300469518372154e-05,0
1105,01106,9.426024127723309e-05,0
1106,01107,7.915218633502974e-05,0
1107,01108,8.891252134546335e-05,0
1108,01109,0.00012184532444070584,0
1109,01110,9.695386503327796e-05,0
1110,01111,7.560873594147921e-05,0
1111,01112,0.0001434436770191283,0
1112,01113,5.866330362636063e-05,0
1113,01114,6.758383612837093e-05,0
1114,01115,5.3563455965743856e-05,0
1115,01116,9.454178907297717e-05,0
1116,01117,7.446740906491556e-05,0
1117,01118,0.00012247594151926222,0
1118,01119,0.00010698928642582928,0
1119,01120,0.00013057571682928426,0
1120,01121,5.806112441053557e-05,0
1121,01122,5.6686418326457044e-05,0
1122,01123,9.821767326734232e-05,0
1123,01124,0.00023894068095486887,0
1124,01125,6.4833902900574e-05,0
1125,01126,0.0001664014702749128,0
1126,01127,0.00012635721215303874,0
1127,01128,6.117285478346446e-05,0
1128,01129,0.016804937669080644,0
1129,01130,0.01656121402045052,0
1130,01131,0.019230141588384875,0
1131,01132,0.017365806175186016,0
1132,01133,0.019069850981084713,0
1133,01134,0.01668264793849783,0
1134,01135,0.017525747778302403,0
1135,01136,0.019665092845829513,0
1136,01137,0.019144484496247394,0
1137,01138,0.021502284250411563,0
1138,01139,0.024161538986205322,0
1139,01140,0.02467108350095426,0
1140,01141,0.027630221439610914,0
1141,01142,0.026694145358303167,0
1142,01143,0.025992292530598426,1
1143,01144,0.024246252628964626,1
1144,01145,0.021772052778453066,1
1145,01146,0.01937921047749125,1
1146,01147,0.018747868331389306,1
1147,01148,0.01690334254253756,1
1148,01149,0.01801978601732479,1
1149,01150,0.017147499266142674,1
1150,01151,0.01742158277664352,1
1151,01152,0.017599200548699123,1
1152,01153,0.016889525941634176,1
1153,01154,0.018565775536793616,1
1154,01155,0.018579344905690576,1
1155,01156,0.018487617290072755,1
1156,01157,0.017901509907981783,1
1157,01158,0.016163576205614483,1
1158,01159,0.01073630923082014,1
1159,01160,0.012162781160031777,1
1160,01161,0.014189206130923893,1
1161,01162,0.015349790742221536,1
1162,01163,0.017101778506023457,1
1163,01164,0.019147247256706024,1
1164,01165,0.0171549678066798,1
1165,01166,0.01833046156432161,1
1166,01167,0.018021525422234674,1
1167,01168,0.017294808714122034,1
1168,01169,0.012807552103550002,1
1169,01170,0.01263441913587382,1
1170,01171,0.010143131888904477,1
1171,01172,0.013297288152622322,1
1172,01173,0.013171610130529032,1
1173,01174,0.010331301758168543,1
1174,01175,0.010722475496727668,1
1175,01176,0.008198351716497854,1
1176,01177,0.008700817433076935,1
1177,01178,0.010323054082142846,1
1178,01179,0.012885568431674876,1
1179,01180,0.013336003705327393,1
1180,01181,0.014074008264370441,1
1181,01182,0.013945825226967301,1
1182,01183,0.012994328607454086,1
1183,01184,0.012277720294787464,1
1184,01185,0.012388088226114924,1
1185,01186,0.012555081269396418,1
1186,01187,0.012259044015660692,1
1187,01188,0.01218989397638559,1
1188,01189,0.012798020770244278,1
1189,01190,0.012478893606115093,1
1190,01191,0.013043682672345014,1
1191,01192,0.012881798386252363,1
1192,01193,0.013878049369711043,1
1193,01194,0.014361713296330514,1
1194,01195,0.014643606544869847,1
1195,01196,0.018549134317381366,1
1196,01197,0.020120753887161946,1
1197,01198,0.018858056895089348,1
1198,01199,0.018888284991088078,1
1199,01200,0.019527499464683018,1
1200,01201,0.01954630893518683,1
1201,01202,0.02075094768498431,1
1202,01203,0.02093550614274342,1
1203,01204,0.021369794901600514,1
1204,01205,0.021632100705102353,1
1205,01206,0.02488864792908707,1
1206,01207,0.026622697449893984,1
1207,01208,0.030368832394497502,1
1208,01209,0.02940893043939319,1
1209,01210,0.025346600259894103,1
1210,01211,0.019688739168217673,1
1211,01212,0.020116485736459744,1
1212,01213,0.023795973410568827,1
1213,01214,0.023866411720152136,1
1214,01215,0.02604219834370447,1
1215,01216,0.02792950085681678,1
1216,01217,0.026386470990941824,1
1217,01218,0.015092018151621645,1
1218,01219,0.014799408466653396,1
1219,01220,0.007798863010245682,1
1220,01221,0.005618312717213136,1
1221,01222,0.002261151105848569,1
1222,01223,0.00020993722841389229,1
1223,01224,0.00021770765857187513,1
1224,01225,0.0034919472996133294,1
1225,01226,0.011746052024458997,1
1226,01227,0.011888505164066032,1
1227,01228,0.01173522628367607,1
1228,01229,0.012066014217103849,1
1229,01230,0.014379967618987521,1
1230,01231,0.01233315994149109,1
1231,01232,0.013453250737668121,1
1232,01233,0.016658419740404717,1
1233,01234,0.01679384474722223,1
1234,01235,0.021619976889964754,1
1235,01236,0.024410668097300636,1
1236,01237,0.022744179940339393,1
1237,01238,0.00020713168667896298,1
1238,01239,0.00011797569276872366,1
1239,01240,0.00022387726650663353,1
1240,01241,0.00033057013450310535,1
1241,01242,0.008129899833719811,1
1242,01243,0.0004856428250050726,1
1243,01244,0.00032716187066483826,1
1244,01245,0.00016543542434988012,0
1245,01246,0.00019014281711537961,0
1246,01247,0.011084916243049747,0
1247,01248,0.006307514250971202,0
1248,01249,0.0061330329220457,0
1249,01250,0.00010432870490895141,0
1250,01251,6.619520708017745e-05,0
1251,01252,0.003631890480648714,0
1252,01253,0.008628596655796628,0
1253,01254,0.008636791581124292,0
1254,01255,0.009286118677174215,0
1255,01256,0.009006649629686336,0
1256,01257,0.009974118215611227,0
1257,01258,0.00869723064954453,0
1258,01259,0.008702263285250922,0
1259,01260,0.006429419937011183,0
1260,01261,0.00713299749349261,0
1261,01262,0.006024833031079702,0
1262,01263,0.0060941716364952825,0
1263,01264,0.0064947359437184105,0
1264,01265,0.009840017455889694,0
1265,01266,0.01139711512129793,0
1266,01267,0.012069697431383197,0
1267,01268,0.010849322456024879,0
1268,01269,0.011104702510504438,0
1269,01270,0.010614504885301912,0
1270,01271,0.010530005484799432,0
1271,01272,0.00999589232852749,0
1272,01273,0.009715220480355669,0
1273,01274,0.009764754169130363,0
1274,01275,0.010332295549321913,0
1275,01276,0.010290583458333558,0
1276,01277,0.01091931709112881,0
1277,01278,0.011834821879849855,0
1278,01279,0.01162816080408735,0
1279,01280,0.012921898069523152,0
1280,01281,0.013067538165739023,0
1281,01282,0.014236288542456954,0
1282,01283,0.014215018625419518,0
1283,01284,0.014139045111105197,0
1284,01285,0.01513888365901117,1
1285,01286,0.016420515291495796,1
1286,01287,0.017862796419962912,1
1287,01288,0.01829481598084648,1
1288,01289,0.01729585657020749,1
1289,01290,0.018996567507375772,1
1290,01291,0.019346545832007678,1
1291,01292,0.019960420547803892,1
1292,01293,0.01829621700451156,1
1293,01294,0.018449544341875068,1
1294,01295,0.014832148752148555,1
1295,01296,0.013698599125560484,1
1296,01297,0.011726445931415697,1
1297,01298,0.008894926150542659,1
1298,01299,0.009144238431026963,1
1299,01300,0.009069364319398865,1
1300,01301,0.01109651475508322,1
1301,01302,0.010971279373055864,1
1302,01303,0.011963769461268647,1
1303,01304,0.01246751473020602,1
1304,01305,0.009948381449130572,1
1305,01306,0.010354795504493808,1
1306,01307,0.00992172363671795,1
1307,01308,0.007146300733452904,1
1308,01309,0.0071518079213088726,1
1309,01310,0.007261508442858222,1
1310,01311,0.00928888836790609,1
1311,01312,0.009848453196194207,1
1312,01313,0.007595599512078444,1
1313,01314,0.007661643983655431,1
1314,01315,0.008622443931039392,1
1315,01316,0.014646075236298017,1
1316,01317,0.015345316815542631,1
1317,01318,0.011290142184951613,1
1318,01319,0.009888711278644102,1
1319,01320,0.006539687468504418,1
1320,01321,0.007019160254912116,1
1321,01322,0.007623146510736589,1
1322,01323,0.008453390899318514,0
1323,01324,0.008460658133450316,0
1324,01325,0.009276049690979171,0
1325,01326,0.007885631727071463,0
1326,01327,0.007170505321474785,0
1327,01328,0.005995958422707837,0
1328,01329,0.005600842554654761,0
1329,01330,0.00378573010733696,0
1330,01331,0.005179254462695404,0
1331,01332,0.007520763785263895,0
1332,01333,0.008654292539893582,0
1333,01334,0.00850987965635941,0
1334,01335,0.008576644045006354,0
1335,01336,0.008875522409448777,0
1336,01337,0.00910149064134469,0
1337,01338,0.009261030766714917,0
1338,01339,0.009531038834007077,0
1339,01340,0.008802650086685126,0
1340,01341,0.008923073352447908,0
1341,01342,0.00913964790389965,0
1342,01343,0.00864416834826276,0
1343,01344,0.00889797468423481,0
1344,01345,0.008621840549183801,0
1345,01346,0.008474196433599701,0
1346,01347,0.008221935081645704,0
1347,01348,0.008478574769980263,0
1348,01349,0.008303980357315055,0
1349,01350,0.004838215125199774,0
1350,01351,0.004800941464721653,0
1351,01352,0.0043867423840247,0
1352,01353,0.0044698651901020625,0
1353,01354,0.004574380622807794,0
1354,01355,0.004661005605783863,0
1355,01356,0.004945305367615838,0
1356,01357,0.005659706915075446,0
1357,01358,0.005402404959667706,0
1358,01359,0.005426887106317224,0
1359,01360,0.005571723997880085,0
1360,01361,0.006022842560279074,0
1361,01362,0.006517927601845663,0
1362,01363,0.006789556716684686,0
1363,01364,0.006883566600497382,0
1364,01365,0.007362088230575381,0
1365,01366,0.006943564201172592,0
1366,01367,0.007095573061659088,0
1367,01368,0.0003104693237432343,0
1368,01369,0.0002076863048579014,0
1369,01370,0.0003154335326485125,0
1370,01371,0.013077757239720711,0
1371,01372,0.02023314663169007,0
1372,01373,0.02096941785447637,0
1373,01374,0.020173509360774666,0
1374,01375,0.0204512627865574,0
1375,01376,0.008837690937089526,0
1376,01377,0.00047210208523473796,0
1377,01378,0.00011460439244981302,0
1378,01379,0.00016628242859706432,0
1379,01380,0.0001813855711079171,0
1380,01381,0.006111860287776771,0
1381,01382,0.0076704019493130104,0
1382,01383,0.008815304578076777,0
1383,01384,0.008683762777534021,0
1384,01385,0.009161374799768751,0
1385,01386,0.010666128847773848,0
1386,01387,0.014715089870055209,0
1387,01388,0.015227396964117013,0
1388,01389,0.015531290154619626,0
1389,01390,0.013417851719363938,0
1390,01391,0.013201140135809197,0
1391,01392,0.014864725415075775,0
1392,01393,0.01634060469572418,0
1393,01394,0.0161878261784123,0
1394,01395,0.011848218501189223,0
1395,01396,0.012150892062541274,0
1396,01397,0.01343726944694179,1
1397,01398,0.010911445342705939,1
1398,01399,0.011104596994178095,1
1399,01400,0.0024237446916171024,1
1400,01401,4.87483568223368e-05,1
1401,01402,4.392515320184032e-05,0
1402,01403,0.0027548148634588543,0
1403,01404,0.002802749639745805,0
1404,01405,0.005519233285648184,0
1405,01406,0.006222037023226434,0
1406,01407,0.006145082078774067,0
1407,01408,0.006396304672194653,0
1408,01409,0.006536067843922133,0
1409,01410,0.005819083164758432,0
1410,01411,0.0013796018943237343,0
1411,01412,0.001326817691037263,0
1412,01413,0.0003312279163143472,0
1413,01414,0.0002173325709868834,0
1414,01415,6.298095664725167e-05,0
1415,01416,0.0006518591858268863,0
1416,01417,4.8742768798959446e-05,0
1417,01418,4.5870197185493566e-05,0
1418,01419,5.540242766866044e-05,0
1419,01420,4.980507042873228e-05,0
1420,01421,0.00012861944284381366,0
1421,01422,0.0004568279348893256,0
1422,01423,2.957017967819553e-05,0
1423,01424,3.542798857925078e-05,0
1424,01425,0.0001639192953382107,0
1425,01426,3.0823592576112446e-05,0
1426,01427,6.666994777582147e-05,0
1427,01428,2.7028580478649644e-05,0
1428,01429,3.064103069760904e-05,0
1429,01430,8.102918338703802e-05,0
1430,01431,4.3097197300667744e-05,0
1431,01432,0.0006236835074346914,0
1432,01433,0.0002873609051974313,0
1433,01434,0.00020422257576235836,0
1434,01435,0.0014109924795580042,0
1435,01436,0.0016998068698415025,0
1436,01437,0.0019718934966777013,0
1437,01438,0.002592578853777283,0
1438,01439,0.0029350443123599135,0
1439,01440,0.004890437893047661,0
1440,01441,0.004782257478090912,0
1441,01442,0.006421103616043311,0
1442,01443,0.006650732466307652,0
1443,01444,0.006845416976449137,0
1444,01445,0.005823413597591198,0
1445,01446,0.006449448626667298,0
1446,01447,0.0056455137102409125,0
1447,01448,0.005104002100210003,0
1448,01449,0.005095887363470553,0
1449,01450,0.004833145514105297,0
1450,01451,0.005022276343296106,0
1451,01452,0.0047515417486918565,0
1452,01453,0.004364185255714581,0
1453,01454,0.004083994766295618,0
1454,01455,0.0039016621644432092,0
1455,01456,0.0034217124073503413,0
1456,01457,0.0036890471994404095,0
1457,01458,0.003036536161747705,0
1458,01459,0.003441093499580994,0
1459,01460,0.00263738175339423,0
1460,01461,0.002623899928663853,0
1461,01462,0.0024156490878421977,0
1462,01463,0.0029559771492841946,0
1463,01464,0.0028786647408196586,0
1464,01465,0.003209386298981265,0
1465,01466,0.002890294579309227,0
1466,01467,0.002796144796435307,0
1467,01468,0.002934023982007261,0
1468,01469,0.00256374658534142,0
1469,01470,0.0022405150383555394,0
1470,01471,0.0026004200523832566,0
1471,01472,0.002370326786304666,0
1472,01473,0.0028000221748927245,0
1473,01474,0.003012590981125385,0
1474,01475,0.002823280637811898,0
1475,01476,0.0025898239687354163,0
1476,01477,0.0027252625886031723,0
1477,01478,0.0031036157565820233,0
1478,01479,0.003320535200571406,0
1479,01480,0.004058987621260002,0
1480,01481,0.004958298417602869,0
1481,01482,0.005284466846944724,0
1482,01483,0.005644288975949152,0
1483,01484,0.006506421727630496,0
1484,01485,0.006761598015095238,0
1485,01486,0.006894407111039058,0
1486,01487,0.006739808944149495,0
1487,01488,0.007039380094555625,0
1488,01489,0.006886740327455065,0
1489,01490,0.0064719505626937845,0
1490,01491,0.006535257404198802,0
1491,01492,0.0062002522166082485,0
1492,01493,0.006337793354211918,0
1493,01494,0.006183415927963232,0
1494,01495,0.0061765140864640244,0
1495,01496,0.005962789937443702,0
1496,01497,0.005452109800459404,0
1497,01498,0.005382520327845697,0
1498,01499,0.0050448680969514825,0
1499,01500,0.005282397394463345,0
1500,01501,0.0023349025512189314,0
1501,01502,0.0020036838620720587,0
1502,01503,0.0018990671691065941,0
1503,01504,0.0001269246726360862,0
1504,01505,0.0007618476225168536,0
1505,01506,8.519819931418482e-05,0
1506,01507,9.714434591856502e-05,0
1507,01508,8.773606091061481e-05,0
1508,01509,0.00017920722402919864,0
1509,01510,0.0007776402041574926,0
1510,01511,0.002027666961748942,0
1511,01512,0.0029622755539975287,0
1512,01513,0.001876629742965541,0
1513,01514,0.0020182037549494325,0
1514,01515,0.0008816582751043356,0
1515,01516,9.41092865742732e-05,0
1516,01517,0.0001187711702819172,0
1517,01518,0.00011089158755872575,0
1518,01519,0.00010244589566266171,0
1519,01520,0.00011037431719262969,0
1520,01521,0.0001131267895475574,0
1521,01522,0.00011932034644246414,0
1522,01523,0.0001275646911080841,0
1523,01524,0.00010355020763164191,0
1524,01525,0.00015011379628138144,0
1525,01526,0.004328835188115221,0
1526,01527,0.006797854290114813,0
1527,01528,0.006281195349453483,0
1528,01529,0.00681884379779607,0
1529,01530,0.006682663474878225,0
1530,01531,0.006645643584318073,0
1531,01532,0.005573194043610563,0
1532,01533,0.00591299825704894,0
1533,01534,0.003492952441417785,0
1534,01535,0.0029143062270966524,0
1535,01536,0.0014188964540498006,0
1536,01537,0.0009646657734299069,0
1537,01538,0.0031425247587115734,0
1538,01539,0.003099346814578574,0
1539,01540,0.005341863353335974,0
1540,01541,0.006463281521208231,0
1541,01542,0.0058664294226487,0
1542,01543,0.006062969546128727,0
1543,01544,0.005552501619814798,0
1544,01545,0.004857593196346599,0
1545,01546,0.005778705444428489,0
1546,01547,0.0027227112470979975,0
1547,01548,0.003081023144432926,0
1548,01549,0.004998822878786058,0
1549,01550,0.0060781971875778495,0
1550,01551,0.006721098634573153,0
1551,01552,0.006872026853149471,0
1552,01553,0.0071114141344983395,0
1553,01554,0.008249789365591731,0
1554,01555,0.009182032031499254,0
1555,01556,0.010254288678456902,0
1556,01557,0.010573872719711552,0
1557,01558,0.010611250299876751,0
1558,01559,0.012383585799031316,0
1559,01560,0.013270212052156616,0
1560,01561,0.012425520888267094,0
1561,01562,0.013888494277744634,0
1562,01563,0.013897525858700632,0
1563,01564,0.014031255749153537,0
1564,01565,0.014860054869019201,0
1565,01566,0.014519392514074525,0
1566,01567,0.014880855886152844,0
1567,01568,0.014998528460124838,0
1568,01569,0.015012980534978126,0
1569,01570,0.01496314217258643,0
1570,01571,0.022532962332364015,0
1571,01572,0.015896687654229247,1
1572,01573,0.01488371549998213,1
1573,01574,0.012555766549719571,1
1574,01575,0.012989300105584967,1
1575,01576,0.014636829051664968,1
1576,01577,0.013137757437778674,1
1577,01578,0.013159436503492827,1
1578,01579,0.015201044299002042,1
1579,01580,0.016197559980252407,1
1580,01581,0.01517670321379505,1
1581,01582,0.015294184347346196,1
1582,01583,0.014999711472172272,1
1583,01584,0.015543155418187737,1
1584,01585,0.01449072214660152,1
1585,01586,0.012983819830290066,1
1586,01587,0.012010146984226644,1
1587,01588,0.011763955970569562,1
1588,01589,0.011767875289202756,1
1589,01590,0.012299090188380823,1
1590,01591,0.012192349199169783,1
1591,01592,0.0110786981381219,1
1592,01593,0.010851166496040676,1
1593,01594,0.011686862260409825,1
1594,01595,0.012027949088001755,1
1595,01596,0.011883422881158623,1
1596,01597,0.012347658460365452,1
1597,01598,0.011987568071617716,1
1598,01599,0.011687875854200058,1
1599,01600,0.011165681822345341,1
1600,01601,0.010254858703302894,1
1601,01602,0.01101468821512075,1
1602,01603,0.011989665586349396,1
1603,01604,0.010065961443138427,1
1604,01605,0.010345391602799126,1
1605,01606,0.009133317442277189,1
1606,01607,0.010207676572780322,1
1607,01608,0.010704465138752894,1
1608,01609,0.012484874523908118,1
1609,01610,0.014836383376729323,1
1610,01611,0.01617366923687147,1
1611,01612,0.014702195251697248,1
1612,01613,0.014676637961996697,1
1613,01614,0.01564392922570068,1
1614,01615,0.01541214350889586,1
1615,01616,0.01426340499879597,1
1616,01617,0.01214774158630405,1
1617,01618,0.012011164860267876,1
1618,01619,0.01103941160705979,1
1619,01620,0.010089925533196542,1
1620,01621,0.009732057774844094,1
1621,01622,0.009476865389799194,1
1622,01623,0.009986008194477591,1
1623,01624,0.00893774540868364,1
1624,01625,0.00871110318722046,1
1625,01626,0.009429339379032342,1
1626,01627,0.009487023750208934,1
1627,01628,0.00932310873097908,1
1628,01629,0.009590999867918448,1
1629,01630,0.0096775129951574,1
1630,01631,0.008582040863065465,1
1631,01632,0.009042563995098618,1
1632,01633,0.008917668082409236,1
1633,01634,0.00852744907932923,1
1634,01635,0.008532005549909627,1
1635,01636,0.008762456588052636,1
1636,01637,0.0085687793037037,1
1637,01638,0.0085891613543021,1
1638,01639,0.008439679469866235,1
1639,01640,0.008816337582489453,1
1640,01641,0.007609384302944555,0
1641,01642,0.007645202547812424,0
1642,01643,0.008211736583390916,0
1643,01644,0.007800455127371819,0
1644,01645,0.007687872899112769,0
1645,01646,0.007206033690366098,0
1646,01647,0.0071187601834887815,0
1647,01648,0.006851923299329599,0
1648,01649,0.007062866762729492,0
1649,01650,0.00658270071939171,0
1650,01651,0.007190734173738278,0
1651,01652,0.007043745394001988,0
1652,01653,0.006736139782112183,0
1653,01654,0.006778976448491569,0
1654,01655,0.006418652289999827,0
1655,01656,0.005630188830389571,0
1656,01657,0.00498207802935724,0
1657,01658,0.005664657129679895,0
1658,01659,0.002660885997516793,0
1659,01660,0.0027829976314324156,0
1660,01661,0.0035128871498688596,0
1661,01662,0.005402762292699315,0
1662,01663,0.005505654886809097,0
1663,01664,0.006614241339742755,0
1664,01665,0.005951122256122154,0
1665,01666,0.00634722615382266,0
1666,01667,0.005854707445021035,0
1667,01668,0.005786751436562376,0
1668,01669,0.0037865617480203895,0
1669,01670,0.0024455627696386983,0
1670,01671,0.0019735169713115397,0
1671,01672,0.0017409078385961507,0
1672,01673,0.00097821065498227,0
1673,01674,0.0017537595024155195,0
1674,01675,0.0011062020896481783,0
1675,01676,0.0028125512748182757,0
1676,01677,0.0032592312443497917,0
1677,01678,0.003198710005893446,0
1678,01679,0.003521214782356452,0
1679,01680,0.003254970952196956,0
1680,01681,0.004052982116716564,0
1681,01682,0.003775454613499818,0
1682,01683,0.003737469347925071,0
1683,01684,0.004049675717692658,0
1684,01685,0.004211073974446755,0
1685,01686,0.004140942222861987,0
1686,01687,0.0038567543937677584,0
1687,01688,0.003970554439679752,0
1688,01689,0.003916004172779708,0
1689,01690,0.004080366727742479,0
1690,01691,0.003937692856355035,0
1691,01692,0.0045613233946903975,0
1692,01693,0.004606941423403121,0
1693,01694,0.0052419853538197,0
1694,01695,0.005056093968871522,0
1695,01696,0.004551989938902601,0
1696,01697,0.0036474242947868163,0
1697,01698,0.003976805615337753,0
1698,01699,0.005038399680130645,0
1699,01700,0.005119732291423595,0
1700,01701,0.00561835930850485,0
1701,01702,0.00547486592818025,0
1702,01703,0.005457491780133772,0
1703,01704,0.006990835299552245,0
1704,01705,0.007663906987739111,0
1705,01706,0.007950797192971315,0
1706,01707,0.009017324163406393,0
1707,01708,0.00917655668974593,0
1708,01709,0.009588427314307424,0
1709,01710,0.008355711158049672,0
1710,01711,0.008971134126342761,0
1711,01712,0.008383898247273258,0
1712,01713,0.008471620655574164,0
1713,01714,0.007375376525067701,0
1714,01715,0.007804022127547938,0
1715,01716,0.008653287929729636,0
1716,01717,0.008977658282688594,0
1717,01718,0.008918632515256597,0
1718,01719,0.008944488117077043,0
1719,01720,0.008180594545806663,0
1720,01721,0.008065880559699146,0
1721,01722,0.008265689171998325,0
1722,01723,0.008521504898236998,0
1723,01724,0.008346615217667441,0
1724,01725,0.008794024483862906,0
1725,01726,0.008300414116107824,0
1726,01727,0.009043073963937331,0
1727,01728,0.008637127960716917,0
1728,01729,0.009257792868886838,0
1729,01730,0.008847292662981232,0
1730,01731,0.009336202050294062,0
1731,01732,0.008722501601357457,0
1732,01733,0.008691279766811277,0
1733,01734,0.008538023704858233,0
1734,01735,0.009072444694819382,0
1735,01736,0.008896620921683862,0
1736,01737,0.009077706615712167,0
1737,01738,0.009319429805704438,0
1738,01739,0.008918764499997955,0
1739,01740,0.00736149837904243,0
1740,01741,0.00808077424330822,0
1741,01742,0.007060522881171316,0
1742,01743,0.00835972479378011,0
1743,01744,0.008405813881987356,0
1744,01745,0.008874672050278143,0
1745,01746,0.007805736640240646,0
1746,01747,0.008008282855232807,0
1747,01748,0.007726382285277111,0
1748,01749,0.008502167969579588,0
1749,01750,0.008249128915972292,0
1750,01751,0.00862899035357323,0
1751,01752,0.008707689320551104,0
1752,01753,0.008750530900039521,0
1753,01754,0.008677811435318539,0
1754,01755,0.009549771525909634,0
1755,01756,0.009352903215838815,0
1756,01757,0.008730829883750957,0
1757,01758,0.010095764113706274,0
1758,01759,0.008288012124489263,0
1759,01760,0.009703831618278258,0
1760,01761,0.008756544398974775,0
1761,01762,0.0077627277799461325,0
1762,01763,0.009871384975728148,0
1763,01764,0.012144164222164022,0
1764,01765,0.011459015898623193,0
1765,01766,0.012523708527631072,0
1766,01767,0.012703604034295601,0
1767,01768,0.010057352627319105,0
1768,01769,0.011703732534521727,0
1769,01770,0.011170858294738295,0
1770,01771,0.011790202699782704,0
1771,01772,0.011810195147945457,0
1772,01773,0.012538171672369813,0
1773,01774,0.01149441169208032,0
1774,01775,0.0119750294273544,0
1775,01776,0.014214292191060629,0
1776,01777,0.014023887861318585,1
1777,01778,0.015229453303451379,1
1778,01779,0.015965177298656208,1
1779,01780,0.014344621450274708,1
1780,01781,0.01508971386368163,1
1781,01782,0.014549775113144925,1
1782,01783,0.014692272403343587,1
1783,01784,0.01327932248735575,1
1784,01785,0.013145090671571324,1
1785,01786,0.013639173378298786,1
1786,01787,0.013825911743371222,1
1787,01788,0.015292818264081909,1
1788,01789,0.014167176086225197,1
1789,01790,0.014034038274440164,1
1790,01791,0.014045269728112153,1
1791,01792,0.014119156354100326,1
1792,01793,0.013692893392955874,1
1793,01794,0.013804063461994254,1
1794,01795,0.013896000370699824,1
1795,01796,0.013057169117245415,1
1796,01797,0.013580890769901544,1
1797,01798,0.012741467897955161,1
1798,01799,0.012828295804815149,1
1799,01800,0.013094574632468436,1
1800,01801,0.013328087202629568,1
1801,01802,0.013714966969383902,1
1802,01803,0.014851670051733379,1
1803,01804,0.014369918869502563,1
1804,01805,0.013201516460270568,1
1805,01806,0.011582827685653996,1
1806,01807,0.012022164099210642,1
1807,01808,0.01231983448491114,1
1808,01809,0.0121748681728171,1
1809,01810,0.013954277452448594,1
1810,01811,0.012917783765017177,1
1811,01812,0.012899908270474825,1
1812,01813,0.013687200379107978,1
1813,01814,0.015261613726097245,1
1814,01815,0.013642675560205042,1
1815,01816,0.014345507137041302,1
1816,01817,0.014360228978383738,1
1817,01818,0.013079892461249187,1
1818,01819,0.013948978630313746,1
1819,01820,0.01288165499048155,1
1820,01821,0.012962739737934825,1
1821,01822,0.013623626573291858,1
1822,01823,0.014084430044972507,1
1823,01824,0.014101510672142936,1
1824,01825,0.013036462260115123,1
1825,01826,0.013581968258551846,1
1826,01827,0.01399185975185624,1
1827,01828,0.013839540941109618,1
1828,01829,0.013402215465922573,1
1829,01830,0.014241338552869465,1
1830,01831,0.013458836383546391,1
1831,01832,0.013945994071302259,1
1832,01833,0.014137649161946264,1
1833,01834,0.014330377399046412,1
1834,01835,0.013213146975042278,1
1835,01836,0.01255202502166064,1
1836,01837,0.012528405930390285,1
1837,01838,0.014553628569040633,1
1838,01839,0.015166201813499924,1
1839,01840,0.01312081530209408,1
1840,01841,0.01348404109199386,1
1841,01842,0.01261780345414465,1
1842,01843,0.013093727355072637,1
1843,01844,0.015171733250971542,1
1844,01845,0.012389783763244289,1
1845,01846,0.013999789812726426,1
1846,01847,0.012848745777615633,1
1847,01848,0.015296306965272066,1
1848,01849,0.014920047613626863,1
1849,01850,0.012469981390696994,1
1850,01851,0.013457209840454176,1
1851,01852,0.014733888635542591,1
1852,01853,0.013589513897382943,1
1853,01854,0.013085933407634087,1
1854,01855,0.013457596164935914,1
1855,01856,0.013837037440850963,1
1856,01857,0.014298023313678243,1
1857,01858,0.01474252510588947,1
1858,01859,0.014366720415009304,1
1859,01860,0.015319993392474807,1
1860,01861,0.013199376035936794,1
1861,01862,0.013171676083489459,1
1862,01863,0.013506046459886178,1
1863,01864,0.013506046459886178,1
1864,01865,0.012217945292529286,1
1865,01866,0.013750339358927555,1
1866,01867,0.013315158952985406,1
1867,01868,0.013293124473200635,1
1868,01869,0.01337132234178906,1
1869,01870,0.013154823060142817,1
1870,01871,0.013122485015892416,1
1871,01872,0.01354341855440655,1
1872,01873,0.014538414489429385,1
1873,01874,0.014713631917585346,1
1874,01875,0.014979127555059257,1
1875,01876,0.011246814918510317,1
1876,01877,0.012066406928711082,1
1877,01878,0.0003006197695949453,1
1878,01879,0.00033908905568136305,1
1879,01880,0.009612579903694574,1
1880,01881,0.014393201133040101,1
1881,01882,0.014652895098107521,1
1882,01883,0.01577870624716038,1
1883,01884,0.020175888672747888,1
1884,01885,0.023956518987811926,1
1885,01886,0.025558567774925933,1
1886,01887,0.025713581260235152,1
1887,01888,0.023212244145815575,1
1888,01889,0.02511585511091141,1
1889,01890,0.023547136354785003,1
1890,01891,0.022571713252204972,1
1891,01892,0.02162377503833568,1
1892,01893,0.024109725280038852,1
1893,01894,0.02693573016796691,1
1894,01895,0.030702799698421046,1
1895,01896,0.026830673625457102,1
1896,01897,0.02895704792983622,1
1897,01898,0.028505907116873175,1
1898,01899,0.028541742367021783,1
1899,01900,0.02627005521851533,1
1900,01901,0.02351945677034184,1
1901,01902,0.025015428955965646,1
1902,01903,0.0301780067411741,1
1903,01904,0.030039313305442406,1
1904,01905,0.031054182936544272,1
1905,01906,0.03222692678077621,1
1906,01907,0.03151102361075253,1
1907,01908,0.028107915046020615,1
1908,01909,0.02494147399679303,1
1909,01910,0.018701343295917106,1
1910,01911,0.00833835741997735,1
1911,01912,0.008276684168535553,1
1912,01913,0.0003748941042092113,1
1913,01914,0.0003824041051734284,1
1914,01915,0.0029959824002823154,1
1915,01916,0.006395850460154229,1
1916,01917,0.0069487684197167,1
1917,01918,0.008382333863663938,1
1918,01919,0.009181294856192679,1
1919,01920,0.01251978286467903,1
1920,01921,0.015736682467369256,1
1921,01922,0.016851873266257478,1
1922,01923,0.01994864970900334,1
1923,01924,0.020697467239245704,1
1924,01925,0.020004665665688037,1
1925,01926,0.0217831229224954,1
1926,01927,0.02144365753914723,1
1927,01928,0.02192158355939089,1
1928,01929,0.024470736305488572,1
1929,01930,0.025366081801257323,1
1930,01931,0.024549088970090338,1
1931,01932,0.02444098932548222,1
1932,01933,0.027753311978750972,1
1933,01934,0.0318347269579613,1
1934,01935,0.029291095565022296,1
1935,01936,0.035248618038812296,1
1936,01937,0.03553771488797075,1
1937,01938,0.039252952978051425,1
1938,01939,0.0412657706076196,1
1939,01940,0.04034421425156154,1
1940,01941,0.043680987437862306,1
1941,01942,0.04297401170227122,1
1942,01943,0.03970898045272708,1
1943,01944,0.039579204430894244,1
1944,01945,0.03365797658862313,1
1945,01946,0.03426936458582919,1
1946,01947,0.0371021340093165,1
1947,01948,0.043627200173755654,1
1948,01949,0.04422731253271284,1
1949,01950,0.034606978489453155,1
1950,01951,0.03497683214520553,1
1951,01952,0.03648748568257787,1
1952,01953,0.028242389798196932,1
1953,01954,0.01499415448842889,1
1954,01955,0.01787430280329705,1
1955,01956,0.005089339466016085,1
1956,01957,0.0014764636164814604,1
1957,01958,0.018245128827441448,1
1958,01959,0.00026235604468993756,1
1959,01960,0.0002532223564930547,1
1960,01961,0.00011639003406660464,1
1961,01962,8.05431093384712e-05,1
1962,01963,0.000120981647432572,1
1963,01964,0.0003427677567984233,1
1964,01965,0.0002734112706157532,1
1965,01966,0.00041258905151320135,1
1966,01967,0.0004103762450844428,1
1967,01968,0.00036035637555809075,1
1968,01969,0.00019617389939430296,1
1969,01970,0.0003327641780277446,1
1970,01971,0.00019823146323449947,1
1971,01972,0.00020197457129444985,1
1972,01973,0.00037486906670380904,1
1973,01974,0.0006074520271663886,1
1974,01975,0.00018089601658122234,1
1975,01976,0.0002047262064008848,1
1976,01977,0.0007597448939007378,0
1977,01978,0.00029838075620070015,0
1978,01979,0.0004395789968283381,0
1979,01980,0.0005677222139208737,0
1980,01981,0.0005105110988452566,0
1981,01982,0.0004943442323046554,0
1982,01983,0.0005033911449512374,0
1983,01984,0.000352950124348439,0
1984,01985,0.00034844002367862004,0
1985,01986,0.00023490594479635973,0
1986,01987,0.00014941873028373465,0
1987,01988,0.021846546097552988,0
1988,01989,0.02804693215704379,0
1989,01990,0.027822275831868915,0
1990,01991,0.02564098032611284,0
1991,01992,0.025737066011957133,0
1992,01993,0.023331685187612194,0
1993,01994,0.018625484160111228,0
1994,01995,0.015111205709495756,0
1995,01996,0.015763228258313333,0
1996,01997,0.015329444806263304,0
1997,01998,0.013019837204581108,0
1998,01999,0.011921993536578412,0
1999,02000,0.011337399773328372,0
2000,02001,0.011296878928142462,0
2001,02002,0.015239357903626072,0
2002,02003,0.016198131959795248,0
2003,02004,0.018814626963940206,1
2004,02005,0.019123410119942896,1
2005,02006,0.019146158287729698,1
2006,02007,0.02078127721182277,1
2007,02008,0.0209500147106354,1
2008,02009,0.021300034604335494,1
2009,02010,0.02193990642638699,1
2010,02011,0.022033288941313955,1
2011,02012,0.0063956238040114854,1
2012,02013,0.02204403931569754,1
2013,02014,0.008986103292504488,1
2014,02015,0.0008797837883012249,1
2015,02016,0.0008826946960320825,1
2016,02018,0.030264505010046072,1
2017,02019,0.02686082678098245,1
2018,02020,0.022911761262410124,1
2019,02021,0.022836835014334866,1
2020,02022,0.021109298977265212,1
2021,02023,0.022167765578744003,1
2022,02024,0.01866237406228688,1
2023,02025,0.01881226290576965,1
2024,02026,0.01838158317816596,1
2025,02027,0.019524781525334767,1
2026,02028,0.01744768990673773,1
2027,02029,0.020625153201750734,1
2028,02030,0.018872835841332147,1
2029,02031,0.01884923992790366,1
2030,02032,0.016659585657595066,1
2031,02033,0.0184976343902834,1
2032,02034,0.017966225438886596,1
2033,02035,0.017281866565912907,1
2034,02036,0.017053607408098692,1
2035,02037,0.017202126628013126,1
2036,02038,0.016732786906158204,1
2037,02039,0.017190716003753437,1
2038,02040,0.016444664897335315,1
2039,02041,0.016448096914409405,1
2040,02042,0.016137017026727207,1
2041,02043,0.01761191009984575,1
2042,02044,0.016743668346854257,1
2043,02045,0.019474778795815162,1
2044,02046,0.019273045840620284,1
2045,02047,0.02133201095801507,1
2046,02048,0.02807862190293342,1
2047,02049,0.0284012340606159,1
2048,02050,0.03359945258385544,1
2049,02051,0.03362753221906711,1
2050,02052,0.03346738397716642,1
2051,02053,0.043434323611537984,1
2052,02054,0.04077893751572503,1
2053,02055,0.0460528545720047,1
2054,02056,0.04593093801118364,1
2055,02057,0.04755698273469644,1
2056,02058,0.04545149015636962,1
2057,02059,0.04273309078475229,1
2058,02060,0.04542093118839485,1
2059,02061,0.045522627044761954,1
2060,02062,0.03663586896726834,1
2061,02063,0.039456709749809526,1
2062,02064,0.039608028951143126,1
2063,02065,0.03760464185881762,1
2064,02066,0.0362410192733833,1
2065,02067,0.03672206326379257,1
2066,02068,0.03740522883623498,1
2067,02069,0.03530031991857552,1
2068,02070,0.03582692244582919,1
2069,02071,0.03532541573971315,1
2070,02072,0.0346684774093351,1
2071,02073,0.035748303619272725,1
2072,02074,0.03464842177719163,1
2073,02075,0.034921043729336354,1
2074,02076,0.029254208840864493,1
2075,02077,0.032513877456151974,1
2076,02078,0.029560745751440187,1
2077,02079,0.02268761966999655,1
2078,02080,0.02339720831924108,1
2079,02081,0.022545454606992976,1
2080,02082,0.022930282407344293,1
2081,02083,0.019800768749197672,1
2082,02084,0.01776535184078032,1
2083,02085,0.012694615165069756,1
2084,02086,0.012378929677521633,1
2085,02087,0.012512115933200008,1
2086,02088,0.008544824847878552,1
2087,02089,0.005953998325363585,1
2088,02090,0.005720663544067861,1
2089,02091,0.005897720534077777,1
2090,02092,0.005952937213901777,1
2091,02093,0.009890550025528633,1
2092,02094,0.013077156893215758,1
2093,02095,0.014138823077580298,1
2094,02096,0.014285124210720035,1
2095,02097,0.011621188276155436,1
2096,02098,0.009753262022767828,1
2097,02099,0.009406051485392197,1
2098,02100,0.015265082461708879,1
2099,02101,0.016117161193550444,1
2100,02102,0.020324248489126617,1
2101,02103,0.021718727842995555,1
2102,02104,0.023126886059958274,1
2103,02105,0.02467563801320427,1
2104,02106,0.024507697456037647,1
2105,02107,0.025952105057606367,1
2106,02108,0.02443472151772763,1
2107,02109,0.024550326165115877,1
2108,02110,0.02296622864206732,1
2109,02111,0.02196151546792713,1
2110,02112,0.019184523688042354,1
2111,02113,0.013157988620894123,1
2112,02114,0.010158771396813648,1
2113,02115,0.008922624968545456,1
2114,02116,0.008781619454053313,1
2115,02117,0.009163021266276772,1
2116,02118,0.010281925049552498,1
2117,02119,0.010767963658788737,1
2118,02120,0.01067870109231972,1
2119,02121,0.010285488268713117,1
2120,02122,0.012949830971664689,1
2121,02123,0.012034616773557438,1
2122,02124,0.013143767214573998,1
2123,02125,0.017953504332048453,1
2124,02126,0.018931560704936068,1
2125,02127,0.019965436231947464,1
2126,02128,0.019981015911079147,1
2127,02129,0.02296217364390163,1
2128,02130,0.0238426933068423,1
2129,02131,0.023718910835679452,1
2130,02132,0.023760327747012866,1
2131,02133,0.02398527723438093,1
2132,02134,0.0260488448266587,1
2133,02135,0.022873266034466155,1
2134,02136,0.022933088940224167,1
2135,02137,0.023731773153818025,1
2136,02138,0.022498037314746533,1
2137,02139,0.023191862982504752,1
2138,02140,0.01774113881041295,1
2139,02141,0.017285164925699092,1
2140,02142,0.014409112279425429,1
2141,02143,0.013983020206501884,1
2142,02144,0.01446764379706611,1
2143,02145,0.011849134829199137,1
2144,02146,0.011942334653432418,1
2145,02147,0.012301635246605436,1
2146,02148,0.011405600396957816,1
2147,02149,0.005029193594900505,1
2148,02150,0.00039864841313264066,1
2149,02151,0.00024592304842485646,1
2150,02152,0.00020972262890595061,1
2151,02153,0.0039240316162230116,1
2152,02154,0.009097986740018271,1
2153,02155,0.012218469000639942,1
2154,02156,0.011523993607006844,1
2155,02157,0.010811494997217785,1
2156,02158,0.008658404409354503,1
2157,02159,0.003940940994223041,1
2158,02160,0.00011697804060784023,1
2159,02161,0.00019026503121200022,1
2160,02162,0.00011642898727792783,1
2161,02163,0.00011471863913481428,1
2162,02164,0.00031380010535109193,0
2163,02165,0.01807081140808986,0
2164,02166,0.01757117147256526,0
2165,02167,0.02321781078962193,0
2166,02168,0.024071039873032163,0
2167,02169,0.025010878314609464,0
2168,02170,0.026334536979720546,0
2169,02171,0.026716886943525253,1
2170,02172,0.025901797503524726,1
2171,02173,0.029486306079554048,1
2172,02174,0.02614732050570545,1
2173,02175,0.02542791306345471,1
2174,02176,0.02962926131183785,1
2175,02177,0.03062358724003289,1
2176,02178,0.03019652886997992,1
2177,02179,0.03324230647246296,1
2178,02180,0.033212133102471064,1
2179,02181,0.035149060595807136,1
2180,02182,0.03831487866701977,1
2181,02183,0.038012248192061726,1
2182,02184,0.0387766258081097,1
2183,02185,0.03886942776125224,1
2184,02186,0.0406906659358075,1
2185,02187,0.03830200898297598,1
2186,02188,0.03719949519981469,1
2187,02189,0.044113608468593135,1
2188,02190,0.04470305382710382,1
2189,02191,0.04400237786905947,1
2190,02192,0.038469298396846874,1
2191,02193,0.03288119049296956,1
2192,02194,0.03517074651459051,1
2193,02195,0.03253682769181587,1
2194,02196,0.02574818221345687,1
2195,02197,0.030892781458137897,1
2196,02198,0.041782946289772305,1
2197,02199,0.03792381168937897,1
2198,02200,0.038359788504763515,1
2199,02201,0.041830897582904036,1
2200,02202,0.03914264525370115,1
2201,02203,0.03491116208534706,1
2202,02204,0.03534583640436395,1
2203,02205,0.04330252902988718,1
2204,02206,0.04345410908875014,1
2205,02207,0.03710229775269713,1
2206,02208,0.04142166952174886,1
2207,02209,0.03847325310834293,1
2208,02210,0.0372847936442362,1
2209,02211,0.03631978962254845,1
2210,02212,0.03709370308988813,1
2211,02213,0.038791624385202894,1
2212,02214,0.035753000084827846,1
2213,02215,0.03847876216619195,1
2214,02216,0.038246661136154714,1
2215,02217,0.03643401503578936,1
2216,02218,0.03455262640420198,1
2217,02219,0.03555163390371785,1
2218,02220,0.04172034053248197,1
2219,02221,0.04162118579535257,1
2220,02222,0.04102910168553908,1
2221,02223,0.03819021039449133,1
2222,02224,0.04018572199824799,1
2223,02225,0.03284286485788712,1
2224,02226,0.03260577822782196,1
2225,02227,0.03476555969190809,1
2226,02228,0.03568503939032919,1
2227,02229,0.037849356605844875,1
2228,02230,0.03659559309045601,1
2229,02231,0.036972301226109394,1
2230,02232,0.03828619281866974,1
2231,02233,0.03774063064885258,1
2232,02234,0.034367993062438984,1
2233,02235,0.03665051629425964,1
2234,02236,0.036768415864695925,1
2235,02237,0.03482110638839675,1
2236,02238,0.03501749948372357,1
2237,02239,0.03288928284622106,1
2238,02240,0.036310233887935084,1
2239,02241,0.036684668145803734,1
2240,02242,0.034547120469612835,1
2241,02243,0.03593214694076963,1
2242,02244,0.03450386186227927,1
2243,02245,0.035171711266348105,1
2244,02246,0.03620715838351796,1
2245,02247,0.03554147596100243,1
2246,02248,0.03729145872361084,1
2247,02249,0.035618919817615335,1
2248,02250,0.03381924205529252,1
2249,02251,0.0329867509750974,1
2250,02252,0.03344129870938595,1
2251,02253,0.03395722618471275,1
2252,02254,0.03206529957855686,1
2253,02255,0.0357277952716597,1
2254,02256,0.036122643559136414,1
2255,02257,0.03514505173491145,1
2256,02258,0.03459888360978702,1
2257,02259,0.032621944630314204,1
2258,02260,0.03345705875831406,1
2259,02261,0.03321290228965257,1
2260,02262,0.03359843541030472,1
2261,02263,0.03615402881829244,1
2262,02264,0.034633763880925095,1
2263,02265,0.035449613740342834,1
2264,02266,0.03639921045437866,1
2265,02267,0.03387782820458707,1
2266,02268,0.02956267658502032,1
2267,02269,0.026054175227959497,1
2268,02270,0.025967949030031967,1
2269,02271,0.020845198057831915,1
2270,02272,0.019219086421019327,1
2271,02273,0.017653878278968804,1
2272,02274,0.017393227703343506,1
2273,02275,0.017679523086732374,1
2274,02276,0.01659631149721985,1
2275,02277,0.017590642369433418,1
2276,02278,0.019844643972115605,1
2277,02279,0.018811790250019556,1
2278,02280,0.01844097665853628,1
2279,02281,0.021828356955925443,1
2280,02282,0.021352472762107944,1
2281,02283,0.019794481763060645,1
2282,02284,0.018573281089781624,1
2283,02285,0.018197414493738684,1
2284,02286,0.017490450616359787,1
2285,02287,0.0170991659932902,1
2286,02288,0.015696941254442542,1
2287,02289,0.013243785818957576,1
2288,02290,0.012830350885496777,1
2289,02291,0.010842632257610951,1
2290,02292,0.012223004607686327,1
2291,02293,0.014394160111306675,1
2292,02294,0.01586322772978388,1
2293,02295,0.015924790428562652,1
2294,02296,0.015626151549913203,1
2295,02297,0.01812101028706259,1
2296,02298,0.017610729088055166,1
2297,02299,0.013820750096156686,1
2298,02300,0.013803498142636705,1
2299,02301,0.01032937775725351,1
2300,02302,0.008134678919262228,1
2301,02303,0.0039419323202993795,1
2302,02304,0.00386084868898795,1
2303,02305,0.0021925863467178175,1
2304,02306,0.005261156409060774,1
2305,02307,0.002100062087590615,1
2306,02308,0.004079299376941847,1
2307,02309,0.002688561777897114,1
2308,02310,0.0024116739710366986,1
2309,02311,0.007789967954749066,1
2310,02312,0.012135065614439,1
2311,02313,0.015327312150656525,1
2312,02314,0.016222560405590336,1
2313,02315,0.01621536019096048,1
2314,02316,0.01727243590752181,1
2315,02317,0.017465212112116824,1
2316,02318,0.016396833022949586,1
2317,02319,0.016182760910387728,1
2318,02320,0.01582794551201605,1
2319,02321,0.01577364159605743,1
2320,02322,0.015542320615173466,1
2321,02323,0.015198764540344634,1
2322,02324,0.014719907894488848,1
2323,02325,0.014728682589930209,1
2324,02326,0.014499660418954896,1
2325,02327,0.015759235015865514,1
2326,02328,0.01544565827914468,1
2327,02329,0.0158042306538988,1
2328,02330,0.015848252473910307,1
2329,02331,0.016051830269508294,1
2330,02332,0.01624676170277617,1
2331,02333,0.01694097513367243,1
2332,02334,0.01626584741135506,1
2333,02335,0.01584934517948966,1
2334,02336,0.016691503463151847,1
2335,02337,0.017114570778089977,1
2336,02338,0.01559272104176479,1
2337,02339,0.015597563545750148,1
2338,02340,0.015883302240794706,1
2339,02341,0.016061568641994484,1
2340,02342,0.015639245560026716,1
2341,02343,0.016335437307167133,1
2342,02344,0.01607810419080824,1
2343,02345,0.015979789291256097,1
2344,02346,0.016073620459916782,1
2345,02347,0.01573552413224366,1
2346,02348,0.015324493529746519,1
2347,02349,0.014980124763211755,1
2348,02350,0.015086658429673605,1
2349,02351,0.014427513419419391,1
2350,02352,0.015442679248611313,1
2351,02353,0.015107516607478999,1
2352,02354,0.015488496834371368,1
2353,02355,0.015104289407766203,1
2354,02356,0.015476860671966186,1
2355,02357,0.014627750233780823,1
2356,02358,0.013260549688449252,1
2357,02359,0.014523544144335432,1
2358,02360,0.013558495937254555,1
2359,02361,0.013649513790811696,1
2360,02362,0.014420462812398505,1
2361,02363,0.013739182206098377,1
2362,02364,0.013642991427350815,1
2363,02365,0.014476037593761149,1
2364,02366,0.014146040496727963,1
2365,02367,0.013655019516811251,1
2366,02368,0.014810175763206423,1
2367,02369,0.014348016696031252,1
2368,02370,0.014784934632149138,1
2369,02371,0.014793578920481387,1
2370,02372,0.014754985657609687,1
2371,02373,0.009427610355908556,1
2372,02374,0.0025733822045106436,1
2373,02375,0.0025936889940272323,1
2374,02376,0.0014602303845876463,1
2375,02377,0.0010114758953019276,1
2376,02378,0.0012234478992114717,1
2377,02379,0.005613729867288697,1
2378,02380,0.007192150759983029,1
2379,02381,0.010513243059421917,1
2380,02382,0.015832603462638595,1
2381,02383,0.01732485975043474,1
2382,02384,0.019410056957371857,1
2383,02385,0.019387884825125212,1
2384,02386,0.018605975543018793,1
2385,02387,0.018975534093052637,1
2386,02388,0.01794391683541452,1
2387,02389,0.016404880840271474,1
2388,02390,0.016227865508667172,1
2389,02391,0.0160662916609029,1
2390,02392,0.01658456514907858,1
2391,02393,0.018846748304698124,1
2392,02394,0.01917697236251925,1
2393,02395,0.018686894692037548,1
2394,02396,0.019565867833360784,1
2395,02397,0.02093834408005346,1
2396,02398,0.022178390991447472,1
2397,02399,0.023354035641122373,1
2398,02400,0.023217336432281854,1
2399,02401,0.024115579123525244,1
2400,02402,0.022498737508919397,1
2401,02403,0.02410508898180197,1
2402,02404,0.023855334562234987,1
2403,02405,0.02463353432861748,1
2404,02406,0.022397479180893853,1
2405,02407,0.019518852223401773,1
2406,02408,0.019454792323575276,1
2407,02409,0.018938176418958896,1
2408,02410,0.019724030967458894,1
2409,02411,0.015084949650994162,1
2410,02412,0.014798583147347166,1
2411,02413,0.015459929923941296,1
2412,02414,0.01609947752660279,1
2413,02415,0.016215395162210378,1
2414,02416,0.01630930771028538,1
2415,02417,0.017873186450332312,1
2416,02418,0.0160683790851186,1
2417,02419,0.01790273165913181,1
2418,02420,0.01755599040775202,1
2419,02421,0.017190049030874732,1
2420,02422,0.01657885811350024,1
2421,02423,0.018117705800928974,1
2422,02424,0.01849185544708476,1
2423,02425,0.018603770225967153,1
2424,02426,0.016635626753664035,1
2425,02427,0.016299896647035794,1
2426,02428,0.012369639932111376,1
2427,02429,0.0017457125626929582,1
2428,02430,0.001959263332934391,1
2429,02431,0.0020996821022238876,1
2430,02432,0.012808304138035354,1
2431,02433,0.017252718213402574,1
2432,02434,0.01803770726846654,1
2433,02435,0.01684484322117097,1
2434,02436,0.0172638826191287,1
2435,02437,0.018760875929441312,1
2436,02438,0.017265185946644834,1
2437,02439,0.018233257270458658,1
2438,02440,0.018220196390782206,1
2439,02441,0.01980975152313391,1
2440,02442,0.017384633679719208,1
2441,02443,0.016695793296437778,1
2442,02444,0.01621963913720048,1
2443,02445,0.015808261441245364,1
2444,02446,0.01697841355516072,1
2445,02447,0.01706888305022236,1
2446,02448,0.017439240160065594,1
2447,02449,0.015658814844883295,1
2448,02450,0.016104695324808738,1
2449,02451,0.015207020387650871,1
2450,02452,0.016106726964556728,1
2451,02453,0.016765838284651835,1
2452,02454,0.016543453796599827,1
2453,02455,0.01653615708549072,1
2454,02456,0.016232897853772243,1
2455,02457,0.016872621217883577,1
2456,02458,0.01733901956273254,1
2457,02459,0.016525625225016327,1
2458,02460,0.016299548466342628,1
2459,02461,0.017832430559597157,1
2460,02462,0.01674484395399034,1
2461,02463,0.016371621253453483,1
2462,02464,0.017074240125343643,1
2463,02465,0.016929164198947078,1
2464,02466,0.01756908190801365,1
2465,02467,0.016189571642163614,1
2466,02468,0.016867102231020503,1
2467,02469,0.018575004763403236,1
2468,02470,0.01926595706793588,1
2469,02471,0.018428889963079342,1
2470,02472,0.018361728915167852,1
2471,02473,0.01777608959008603,1
2472,02474,0.01720030715111953,1
2473,02475,0.017043834923208045,1
2474,02476,0.01728265228175374,1
2475,02477,0.015095185135329814,1
2476,02478,0.011136047629944912,1
2477,02479,6.331248142465995e-05,1
2478,02480,0.00012904756655984784,1
2479,02481,0.00010098230458854829,1
2480,02482,0.00010903655798610856,1
2481,02483,0.0001950748792225454,1
2482,02484,0.00023422970999753545,1
2483,02485,0.00021254109346013905,1
2484,02486,0.0005594155055987926,1
2485,02487,0.004014174205368981,1
2486,02488,0.01061643655724609,1
2487,02489,0.012717305241342736,1
2488,02490,0.01307006896587648,1
2489,02491,0.013819433255027214,1
2490,02492,0.015280208480424662,1
2491,02493,0.01617238678491173,1
2492,02494,0.014983913823610528,1
2493,02495,0.01480606389325434,1
2494,02496,0.015724538023469847,1
2495,02497,0.015327966634074208,1
2496,02498,0.014173012662229922,1
2497,02499,0.017121623114698892,1
2498,02500,0.017405417525965916,1
2499,02501,0.012978276152145973,1
2500,02502,0.005499768907907487,1
2501,02503,0.01025155522543475,0
2502,02504,0.011187933694469798,0
2503,02505,0.010057312186948053,0
2504,02506,0.010304183211834683,0
2505,02507,0.010858261076447384,0
2506,02508,0.009750399000928667,0
2507,02509,0.010912792997234355,0
2508,02510,0.011245624237490759,0
2509,02511,0.011755927576705183,1
2510,02512,0.012876600853058306,1
2511,02513,0.011510301411121304,1
2512,02514,0.012525994137340568,1
2513,02515,0.011967056745556093,1
2514,02516,0.011862030888956987,1
2515,02517,0.013346135777977608,1
2516,02518,0.011617960261149918,1
2517,02519,0.011268765357402621,1
2518,02520,0.011541319622145885,1
2519,02521,0.011441821787149031,1
2520,02522,0.011979556572780048,1
2521,02523,0.012645547702348381,1
2522,02524,0.0113274093361726,1
2523,02525,0.012508831096156747,1
2524,02526,0.012394872135198298,1
2525,02527,0.014388837325811643,1
2526,02528,0.012705089714731166,1
2527,02529,0.011992222101361527,1
2528,02530,0.012437044801504982,1
2529,02531,0.011625013552048813,1
2530,02532,0.011731801329468716,1
2531,02533,0.011294871777320026,1
2532,02534,0.011256289093609873,1
2533,02535,0.012351199566377424,1
2534,02536,0.01248762281364968,1
2535,02537,0.015269613910959379,1
2536,02538,0.014023201313497324,1
2537,02539,0.01442237577065697,1
2538,02540,0.01529432439319578,1
2539,02541,0.017111031950111766,1
2540,02542,0.01705246556725637,1
2541,02543,0.012787972887058352,1
2542,02544,0.015633422362649085,1
2543,02545,0.011907669287241518,1
2544,02546,0.011615812559791827,1
2545,02547,0.012744227279280373,1
2546,02548,0.015689873433648138,1
2547,02549,0.015086918445208042,1
2548,02550,0.015297868418486793,1
2549,02551,0.016116487197122886,1
2550,02552,0.014925793682080801,1
2551,02553,0.011831316128102287,1
2552,02554,0.011601953612755622,1
2553,02555,0.010411533323704703,1
2554,02556,0.009023424564840177,1
2555,02557,0.009350631819058819,1
2556,02558,0.007826393116823205,1
2557,02559,0.010073495223413609,1
2558,02560,0.007883552902892887,1
2559,02561,0.006998600264691568,1
2560,02562,0.0005404601726857194,1
2561,02563,0.0004113707576625103,1
2562,02564,0.00039201143720113407,1
2563,02565,0.0004696856141102046,1
2564,02566,0.0007581202939181964,1
2565,02567,0.006550768418922992,1
2566,02568,0.007096423468783364,0
2567,02569,0.008165412307953979,0
2568,02570,0.008316533913781399,0
2569,02571,0.003654880948105621,0
2570,02572,0.0003791767297736115,0
2571,02573,0.001005750647420811,0
2572,02574,0.0009213621450001597,0
2573,02575,0.012357293091069366,0
2574,02576,0.017354497186699902,0
2575,02577,0.01703440641419185,0
2576,02578,0.015319334017872777,0
2577,02579,0.014710399747531966,0
2578,02580,0.01878359767177784,0
2579,02581,0.02186130808613118,0
2580,02582,0.02149125005469088,0
2581,02583,0.023721616407999413,0
2582,02584,0.023900752107301138,0
2583,02585,0.02724612976857177,0
2584,02586,0.03455031985745194,1
2585,02587,0.032785144872816474,1
2586,02588,0.027954622156629583,1
2587,02589,0.028450799188475706,1
2588,02590,0.02264989144678431,1
2589,02591,0.021064819274739577,1
2590,02592,0.02120151745493004,1
2591,02593,0.022586399947126523,1
2592,02594,0.0225095324561444,1
2593,02595,0.01893218814076736,1
2594,02596,0.015858153729999103,1
2595,02597,0.013955913821152244,1
2596,02598,0.012125682801241489,1
2597,02599,0.011956352389757008,1
2598,02600,0.011478496148922268,1
2599,02601,0.010444169543593063,1
2600,02602,0.008138099471262095,1
2601,02603,0.009042983427915097,1
2602,02604,0.008884265251975165,1
2603,02605,0.010316367527284598,1
2604,02606,0.009612052114304603,1
2605,02607,0.012685011819618452,1
2606,02608,0.015543730381854637,1
2607,02609,0.015666492607507188,1
2608,02610,0.022474784981863394,1
2609,02611,0.02710311960023315,1
2610,02612,0.0252746215857389,1
2611,02613,0.026961603259456624,1
2612,02614,0.02808520916658086,1
2613,02615,0.0264177597657671,1
2614,02616,0.026722469156513107,1
2615,02617,0.025808727829390143,1
2616,02618,0.024836455247651656,1
2617,02619,0.02540372043110395,1
2618,02620,0.02333635166313197,1
2619,02621,0.01600025142375383,1
2620,02622,0.012193894644584091,1
2621,02623,0.010491625385569137,1
2622,02624,0.010682679389742766,1
2623,02625,0.00964221985860192,1
2624,02626,0.0110523621465628,1
2625,02627,0.01201860488762474,1
2626,02628,0.011939740975460467,1
2627,02629,0.01054533034313998,1
2628,02630,0.010658771330120942,1
2629,02631,0.010397394292693818,1
2630,02632,0.010293152008153506,1
2631,02633,0.010217749274050725,1
2632,02634,0.010455441812418975,1
2633,02635,0.010829822116147803,1
2634,02636,0.012617544423466853,1
2635,02637,0.014292695771073838,1
2636,02638,0.01751520304444565,1
2637,02639,0.016519914621805576,1
2638,02640,0.016457995861071772,1
2639,02641,0.018027842709376962,1
2640,02642,0.015736327154868057,1
2641,02643,0.0034617668440484195,1
2642,02644,0.004443250346903405,1
2643,02645,0.0003536079580843676,1
2644,02646,0.00017630545241864581,1
2645,02647,0.00030196872142607134,1
2646,02648,0.0002656634368820576,1
2647,02649,0.00015554176148580012,1
2648,02650,0.008160492796490892,0
2649,02651,0.020682360862228855,0
2650,02652,0.02591954891283521,1
2651,02653,0.026883952392303456,1
2652,02654,0.027201386673634254,1
2653,02655,0.02805928441256711,1
2654,02656,0.027606736108172214,1
2655,02657,0.025843116380539932,1
2656,02658,0.021510413824908703,1
2657,02659,0.021506083487081717,1
2658,02660,0.018039431681248885,1
2659,02661,0.01441071872841615,1
2660,02662,0.013817050540702702,1
2661,02663,0.013747751932812413,1
2662,02664,0.01386321367572041,1
2663,02665,0.015241915578451781,1
2664,02666,0.01372811545337882,1
2665,02667,0.01401567815051763,1
2666,02668,0.012973549348792801,1
2667,02669,0.013089774252766695,1
2668,02670,0.012908199034158407,1
2669,02671,0.013372855467785882,1
2670,02672,0.013640869516308385,1
2671,02673,0.012542663008172639,1
2672,02674,0.012699361304059131,1
2673,02675,0.010262700478882891,1
2674,02676,0.0067267238163344345,1
2675,02677,0.0006313441059768721,1
2676,02678,0.0002395471829927942,1
2677,02679,0.00025801654046464506,1
2678,02680,0.006758635383972589,1
2679,02681,0.013445934370127866,1
2680,02682,0.013805574984061764,1
2681,02683,0.017313045165114893,1
2682,02684,0.016542371373843068,1
2683,02685,0.019517186895486205,1
2684,02686,0.021442636945485205,1
2685,02687,0.0219937737612943,1
2686,02688,0.02537192317814352,1
2687,02689,0.024765094163010204,1
2688,02690,0.0246585199362519,1
2689,02691,0.02713925942248352,1
2690,02692,0.0271257890056269,1
2691,02693,0.02841541874131348,1
2692,02694,0.02863091946184415,1
2693,02695,0.026539937065155783,1
2694,02696,0.026252125258297454,1
2695,02697,0.025936534361270525,1
2696,02698,0.024339699348470134,1
2697,02699,0.024919372451083888,1
2698,02700,0.022958654280087032,1
2699,02701,0.021764758198300704,1
2700,02702,0.017001086941180965,1
2701,02703,0.009127122029537027,1
2702,02704,0.009756459884818547,1
2703,02705,0.00514168065558529,1
2704,02706,0.0004528451747303208,1
2705,02707,0.00027617097108478816,1
2706,02708,0.006009841765283852,1
2707,02709,0.005901576147220311,1
2708,02710,0.015989608137948252,1
2709,02711,0.018822558640395393,1
2710,02712,0.01985553954900343,1
2711,02713,0.01873536642673379,1
2712,02714,0.018789008776457727,1
2713,02715,0.02174663606779692,1
2714,02716,0.02215723642419487,1
2715,02717,0.02051724410603839,1
2716,02718,0.023643572766704146,1
2717,02719,0.024179716899217496,1
2718,02720,0.02555530130059047,1
2719,02721,0.023418791177603815,1
2720,02722,0.02555731520789628,1
2721,02723,0.02435764583231581,1
2722,02724,0.02367924007051503,1
2723,02725,0.02255434449755711,1
2724,02726,0.02183510294448432,1
2725,02727,0.019419796101395548,1
2726,02728,0.020183471679983356,1
2727,02729,0.020345859594260496,1
2728,02730,0.01874314313297898,1
2729,02731,0.01930863149361617,1
2730,02732,0.018963843610647402,1
2731,02733,0.01909561393681969,1
2732,02734,0.019698424051153296,1
2733,02735,0.017626228232266783,1
2734,02736,0.018621455875808657,1
2735,02737,0.01859717396237137,1
2736,02738,0.01938991378312771,1
2737,02739,0.019035850528944742,1
2738,02740,0.015526144494664607,1
2739,02741,0.016638399004022197,1
2740,02742,0.016886464151252945,1
2741,02743,0.018895192412641038,1
2742,02744,0.018694434117817238,1
2743,02745,0.01851174972096903,1
2744,02746,0.017604621235485673,1
2745,02747,0.017162827490848187,1
2746,02748,0.01602191867366809,1
2747,02749,0.015741761403677224,1
2748,02750,0.017071684852706603,1
2749,02751,0.015366555999721143,1
2750,02752,0.014294182381707543,1
2751,02753,0.013262700339040201,1
2752,02754,0.013256296095695674,1
2753,02755,0.011888730720384544,1
2754,02756,0.013274599191821501,1
2755,02757,0.0136988310416708,1
2756,02758,0.014675963303705686,1
2757,02759,0.014476579145761725,1
2758,02760,0.014617288052793498,1
2759,02761,0.01193905177471244,1
2760,02762,0.00964762236894412,1
2761,02763,0.0039656466538371404,1
2762,02764,0.005713573727894605,1
2763,02765,0.0012828342392223746,1
2764,02766,0.0011562843992871663,1
2765,02767,0.0016893423243509176,1
2766,02768,0.017802958642928246,1
2767,02769,0.01955224214959017,1
2768,02770,0.016473156407747602,1
2769,02771,0.021027023092144326,1
2770,02772,0.022098864885047753,1
2771,02773,0.023703240879641818,1
2772,02774,0.024015580276641302,1
2773,02775,0.024494414602298065,1
2774,02776,0.025938066512015467,1
2775,02777,0.026313242786446978,1
2776,02778,0.020628897319193484,1
2777,02779,0.020734579609352544,1
2778,02780,0.01983301346437738,1
2779,02781,0.019536278544067365,1
2780,02782,0.023159936681293125,1
2781,02783,0.024772538731420823,1
2782,02784,0.02521273785945688,1
2783,02785,0.026447461840286124,1
2784,02786,0.025850027947660337,1
2785,02787,0.019486504322455467,1
2786,02788,0.019797428749081192,1
2787,02789,0.019868816704267545,1
2788,02790,0.019533506396184563,1
2789,02791,0.01878224671166162,1
2790,02792,0.018097523946194016,1
2791,02793,0.014124348217317895,1
2792,02794,0.01389777896628086,1
2793,02795,0.009788648744954997,1
2794,02796,0.00986207095834768,1
2795,02797,0.008100520140580159,1
2796,02798,0.010461667024292076,1
2797,02799,0.009618987227136166,1
2798,02800,0.010192378089338483,1
2799,02801,0.015147007483856889,1
2800,02802,0.020869580981985436,1
2801,02803,0.021094839047755443,1
2802,02804,0.023738506627926093,1
2803,02805,0.022346816952296678,1
2804,02806,0.01091626590660244,1
2805,02807,0.007339391735332157,1
2806,02808,0.007592935143914126,1
2807,02809,0.011021861445445147,1
2808,02810,0.015995367691816753,1
2809,02811,0.019041789965173805,1
2810,02812,0.016308455016832646,1
2811,02813,0.016981198683494014,1
2812,02814,0.014086553623353204,1
2813,02815,0.014126619215089953,1
2814,02816,0.01441203899347343,1
2815,02817,0.01426921712424356,1
2816,02818,0.014091034684240888,1
2817,02819,0.011125392760572339,1
2818,02820,0.007960474786634641,1
2819,02821,0.0033242409124847327,1
2820,02822,0.006987294236413533,1
2821,02823,0.0069217699954862155,1
2822,02824,0.009361753730163791,1
2823,02825,0.010209922834631513,1
2824,02826,0.006723530175167802,1
2825,02827,0.0015808653613973433,1
2826,02828,0.0014426223002947935,1
2827,02829,0.0035808688043141856,1
2828,02830,0.0027515048983595136,1
2829,02831,0.010061715380786929,1
2830,02832,0.018683695325920624,1
2831,02833,0.01862941075548008,1
2832,02834,0.02137012411580752,1
2833,02835,0.01837462373339438,1
2834,02836,0.014206614552539243,1
2835,02837,0.01086955258843858,1
2836,02838,0.010933182940266128,1
2837,02839,0.007982407181727602,1
2838,02840,0.006405449855420464,1
2839,02841,0.005740291348093507,1
2840,02842,0.00539107883583867,0
2841,02843,0.0061494766271366075,0
2842,02844,0.00354763321666951,0
2843,02845,0.0021107921611580593,0
2844,02846,0.0041791300886018234,0
2845,02847,0.00473047960490991,0
2846,02848,0.005076671336111893,0
2847,02849,0.0064256243892764076,0
2848,02850,0.010545690298368271,0
2849,02851,0.021382601899482268,0
2850,02852,0.025898169069637156,0
2851,02853,0.025886850488932467,0
2852,02854,0.024938555309621968,1
2853,02855,0.019983227950217675,1
2854,02856,0.017271354105232284,1
2855,02857,0.011249069655095312,1
2856,02858,0.011408598045881568,1
2857,02859,0.006905382937608451,1
2858,02860,0.007071654130591298,1
2859,02861,0.004397317507282672,1
2860,02862,0.003862938427523055,1
2861,02863,0.0032003465627230554,1
2862,02864,0.0013903276198012904,0
2863,02865,0.0006127127195538762,0
2864,02866,0.0017767314154015779,0
2865,02867,0.0035863971069973744,0
2866,02868,0.0035742002228555947,0
2867,02869,0.0039042562724844743,0
2868,02870,0.0004049446786797972,0
2869,02871,0.0036170088682050405,0
2870,02872,0.00030391479249924913,0
2871,02873,0.0009961099239497173,0
2872,02874,0.004423109881000364,0
2873,02875,0.006626923767703019,0
2874,02876,0.005711222320253562,0
2875,02877,0.008772318539072899,0
2876,02878,0.008309940369901625,0
2877,02879,0.008657848866066686,0
2878,02880,0.009115897327064637,0
2879,02881,0.009260576228040662,0
2880,02882,0.008725391050681708,0
2881,02883,0.008581345582496347,0
2882,02884,0.010943941085852948,0
2883,02885,0.008758350592666275,0
2884,02886,0.003103920173127328,0
2885,02887,0.0001443258805435832,0
2886,02888,5.4991418641847645e-05,0
2887,02889,0.00014192640887156216,0
2888,02890,0.000684903376321877,0
2889,02891,0.008053412128245618,0
2890,02892,0.011996588124314478,0
2891,02893,0.01182910871438736,0
2892,02894,0.015084151048631256,0
2893,02895,0.016538311405360773,0
2894,02896,0.013424482083047806,0
2895,02897,0.01086630379120379,0
2896,02898,0.011071015137387619,0
2897,02899,0.011059123066452514,0
2898,02900,0.010983018914179077,0
2899,02901,0.011528200719427062,0
2900,02902,0.011985133778446233,0
2901,02903,0.01212729788162914,0
2902,02904,0.011963764405678923,0
2903,02905,0.011471049061161587,0
2904,02906,0.011374858651575614,0
2905,02907,0.010950521582249628,0
2906,02908,0.01102849815147433,0
2907,02909,0.01100718231533282,0
2908,02910,0.009601375635630127,0
2909,02911,0.009162345029844587,0
2910,02912,0.0072788994494121795,0
2911,02913,0.007540424658150968,0
2912,02914,0.007123992501577803,0
2913,02915,0.010093146182835078,0
2914,02916,0.01416892371529066,0
2915,02917,0.010986999351254134,0
2916,02918,0.011285662668379715,1
2917,02919,0.0064640085512941425,1
2918,02920,0.0002893591575299226,1
2919,02921,0.002815908345007223,1
2920,02922,0.0003914008739984709,0
2921,02923,0.00042473361608319493,0
2922,02924,0.0005334981848905684,0
2923,02925,0.0001855334485547644,0
2924,02926,0.0003168439879530638,0
2925,02927,6.0124142054363006e-05,0
2926,02928,0.00015203936083452163,0
2927,02929,0.0005160885789647907,0
2928,02930,0.00045357533995016297,0
2929,02931,0.0005150403236253709,0
2930,02932,0.00035410304016192384,0
2931,02933,0.00036046093680219826,0
2932,02934,0.0041509576403431225,0
2933,02935,0.00025673156344030446,0
2934,02936,0.0002523071548319322,0
2935,02937,0.00018193782761866117,0
2936,02938,0.000274657213522822,0
2937,02939,0.0003351264999578163,0
2938,02940,0.00010059180692678638,0
2939,02941,0.00022258512680561893,0
2940,02942,0.0003922279059000999,0
2941,02943,0.00039083214081170325,0
2942,02944,0.001272115363007309,0
2943,02945,0.007492686424717121,0
2944,02946,0.015256220681723498,0
2945,02947,0.017798567896250006,0
2946,02948,0.01778416946934236,0
2947,02949,0.017593620698811208,0
2948,02950,0.01260407853726786,0
2949,02951,0.009787511134303095,0
2950,02952,0.0016808171675863903,0
2951,02953,0.0022157663501047864,0
2952,02954,0.0014692440423695885,0
2953,02955,0.0003594099371770909,0
2954,02956,0.010043658366490682,0
2955,02957,0.017623478466623155,0
2956,02958,0.018164297223281167,0
2957,02959,0.02385132309062854,0
2958,02960,0.024448773793906753,0
2959,02961,0.02754464521166966,0
2960,02962,0.031728417160538314,0
2961,02963,0.0320432297700286,0
2962,02964,0.03004577113971063,1
2963,02965,0.027860943354562906,1
2964,02966,0.025389287528138738,1
2965,02967,0.024570224672234353,1
2966,02968,0.022969041094024867,1
2967,02969,0.024283623104141228,1
2968,02970,0.020243893392874135,1
2969,02971,0.015848266861607563,1
2970,02972,0.004423046373672079,1
2971,02973,0.003914787880855641,1
2972,02974,0.003110966220824629,1
2973,02975,0.00837624394270442,1
2974,02976,0.00898108000047948,1
2975,02977,0.001835497244103479,1
2976,02978,0.002053974779710366,1
2977,02979,0.0001952856373410583,1
2978,02980,6.933169651013316e-05,1
2979,02981,0.0006598190183382258,1
2980,02982,0.0037040275121054123,1
2981,02983,0.0035792689028939506,1
2982,02984,0.0031342679644543736,1
2983,02985,0.005773595111987717,1
2984,02986,0.0026693355948976816,1
2985,02987,0.00010380501266027409,1
2986,02988,0.00010819671062112235,1
2987,02989,0.00017625597500714463,1
2988,02990,0.003246747531067129,1
2989,02991,0.009431451998425544,1
2990,02992,0.010613447530720244,0
2991,02993,0.010650099141058078,0
2992,02994,0.010870405050227738,0
2993,02995,0.011335317442756399,0
2994,02996,0.010695381264302917,0
2995,02997,0.011768970862886974,0
2996,02998,0.012018141574725583,0
2997,02999,0.01524314886329936,0
2998,03000,0.02339224099963655,0
2999,03001,0.020780481814743013,0
3000,03002,0.021538019496575522,0
3001,03003,0.021440006747894813,0
3002,03004,0.021184095715115703,0
3003,03005,0.02051097507521238,0
3004,03006,0.022604019240903384,0
3005,03007,0.018138041250994164,0
3006,03008,0.0182533223767809,1
3007,03009,0.010403609215645204,1
3008,03010,0.006315894453768678,1
3009,03011,0.01234564251660153,1
3010,03012,0.014624318015365567,1
3011,03013,0.014699842243850014,1
3012,03014,0.01652882934976141,1
3013,03015,0.016454722322752247,1
3014,03016,0.015455513422038436,1
3015,03017,0.012396552470274713,1
3016,03018,0.013461225598955018,1
3017,03019,0.011244877725086866,1
3018,03020,0.012322760882948813,1
3019,03021,0.010187751049949512,1
3020,03022,0.011004832504989182,1
3021,03023,0.011222732557462756,1
3022,03024,0.009954757532168124,1
3023,03025,0.006675606908430609,1
3024,03026,0.004980464752080138,1
3025,03027,0.002992558516158539,1
3026,03028,0.0028626187164277894,1
3027,03029,0.004243516916133672,1
3028,03030,0.014805169941094043,1
3029,03031,0.015835716571417358,1
3030,03032,0.015096019082092127,1
3031,03033,0.015029328155262256,1
3032,03034,0.01459513730450368,1
3033,03035,0.0152647591900692,1
3034,03036,0.012477535286331332,1
3035,03037,0.010358191352577428,1
3036,03038,0.010338821946115573,1
3037,03039,0.001651405703001707,1
3038,03040,3.179923763152459e-05,1
3039,03041,3.98236826182341e-05,1
3040,03042,0.00319550310661576,0
3041,03043,0.003795340558992777,0
3042,03044,0.004572073164019308,0
3043,03045,0.0034595932620602454,0
3044,03046,0.004491601074119167,0
3045,03047,0.008806152031683112,0
3046,03048,0.008861749924725437,0
3047,03049,0.012335097172162968,0
3048,03050,0.014575185800618229,0
3049,03051,0.0128185465208972,0
3050,03052,0.013441909160675003,0
3051,03053,0.01379658816315743,0
3052,03054,0.015936946169778032,0
3053,03055,0.01907487893846671,0
3054,03056,0.012610562186763374,0
3055,03057,0.0017790684176164362,0
3056,03058,0.00153425179711153,0
3057,03059,0.001817112674530108,0
3058,03060,0.00455521984585161,0
3059,03061,0.0008872886329225338,0
3060,03062,0.0019305473519883876,0
3061,03063,0.001888258233790019,0
3062,03064,0.0004216538221095689,0
3063,03065,0.00036151897302971747,0
3064,03066,0.008525627435712835,0
3065,03067,0.012560463674681444,0
3066,03068,0.012916670044931244,0
3067,03069,0.021237600528169587,0
3068,03070,0.015635164819570946,0
3069,03071,0.0038855231368781773,0
3070,03072,0.0037030447353281204,0
3071,03073,0.002896224867730446,0
3072,03074,0.0034407686865600695,0
3073,03075,0.002785795126372115,0
3074,03076,0.0013698739406668992,0
3075,03077,0.0016707264397730626,0
3076,03078,0.002640022906420292,0
3077,03079,0.01248502877452129,0
3078,03080,0.01859243819565748,0
3079,03081,0.012014468647240761,0
3080,03082,0.012018932862670972,0
3081,03083,0.003396286121451375,0
3082,03084,0.0037821638218558107,0
3083,03085,0.009426865750402413,0
3084,03086,0.007176741917307439,0
3085,03087,0.007076750149449751,0
3086,03088,0.0001382080075620351,0
3087,03089,0.0001549202160209262,0
3088,03090,0.00015890727653200543,0
3089,03091,0.005645435750079031,0
3090,03092,0.005314673540006254,0
3091,03093,0.013313837814569851,0
3092,03094,0.015636978902171528,0
3093,03095,0.01784418149614453,0
3094,03096,0.01581333757878145,0
3095,03097,0.015621286678401347,0
3096,03098,0.019059610568630703,0
3097,03099,0.019876570025479268,0
3098,03100,0.01909498526631115,0
3099,03101,0.011021795143371094,0
3100,03102,0.010989030917977871,0
3101,03103,0.009643719676746265,0
3102,03104,0.006965738149216527,0
3103,03105,0.007745627798069421,0
3104,03106,0.00902800640725232,0
3105,03107,0.009083303769169326,0
3106,03108,0.009777970601468233,0
3107,03109,0.012059455189364243,0
3108,03110,0.013133508435870134,0
3109,03111,0.011553429757059419,0
3110,03112,0.011393950509742012,0
3111,03113,0.010649516117393176,0
3112,03114,0.011037273697266592,1
3113,03115,0.012233281986458344,1
3114,03116,0.013805590611508656,1
3115,03117,0.014536337670269184,1
3116,03118,0.015780154052846385,1
3117,03119,0.01497788914749254,1
3118,03120,0.015015280093272132,1
3119,03121,0.015156394428173847,1
3120,03122,0.01526071447961197,1
3121,03123,0.014980596603723306,1
3122,03124,0.016474595450846508,1
3123,03125,0.014720993082484313,1
3124,03126,0.015243025505033536,1
3125,03127,0.015509776487652616,1
3126,03128,0.01344255416464879,1
3127,03129,0.01274010990253327,1
3128,03130,0.010493017886633815,1
3129,03131,0.008047413374275614,1
3130,03132,0.007907926983774516,1
3131,03133,0.00644338759803631,1
3132,03134,0.0072134576580946685,1
3133,03135,0.00704648504609473,1
3134,03136,0.0025914190697395867,1
3135,03137,0.0017810160145783627,1
3136,03138,0.00022864902199160042,1
3137,03139,0.0006910923129028745,1
3138,03140,0.011799584861242884,1
3139,03141,0.012415546201103744,1
3140,03142,0.012440655972239867,1
3141,03143,0.010494874108350594,1
3142,03144,0.008808839410523461,1
3143,03145,0.009894754848788878,1
3144,03146,0.008661699638897069,1
3145,03147,0.00864816163372506,1
3146,03148,0.0070071562287310485,0
3147,03149,0.005160845953347426,0
3148,03150,0.008257815070056296,0
3149,03151,0.014337053263231425,0
3150,03152,0.013509828898688347,0
3151,03153,0.016048992066793666,0
3152,03154,0.016485276423847672,0
3153,03155,0.014803767865169348,0
3154,03156,0.012913773463991696,0
3155,03157,0.013277695513221666,0
3156,03158,0.013390940774534066,0
3157,03159,0.013577787310749656,0
3158,03160,0.011742318026007226,0
3159,03161,0.0016399197807039911,0
3160,03162,0.0018365105097721823,0
3161,03163,5.667818117593981e-05,0
3162,03164,4.123915665132927e-05,0
3163,03165,0.0017139121298974658,0
3164,03166,0.0021188026077014754,0
3165,03167,0.0024463961535419187,0
3166,03168,0.0036560380432204553,0
3167,03169,0.006108617031606478,0
3168,03170,0.010904902930055194,0
3169,03171,0.015903231805744156,0
3170,03172,0.015401350491719867,0
3171,03173,0.015470823465869366,0
3172,03174,0.0023673776704153937,0
3173,03175,7.175886582100333e-05,0
3174,03176,0.0011909604772339932,0
3175,03177,0.0018840774017547801,0
3176,03178,0.009541103337012302,0
3177,03179,0.010994973564634414,0
3178,03180,0.011330469492157214,0
3179,03181,0.012347134458772224,0
3180,03182,0.012605874999300326,0
3181,03183,0.010860924286625107,0
3182,03184,0.012625688097858578,0
3183,03185,0.012539532961699074,0
3184,03186,0.013312781095295989,0
3185,03187,0.013512735355859284,0
3186,03188,0.015120371101619234,0
3187,03189,0.020381858509762374,0
3188,03190,0.021971973964346247,0
3189,03191,0.026804416681352805,0
3190,03192,0.026428820487059745,0
3191,03193,0.02674850507971449,1
3192,03194,0.0305075306745044,1
3193,03195,0.03289018850502057,1
3194,03196,0.02982407392029529,1
3195,03197,0.02976912071337079,1
3196,03198,0.029680254519504956,1
3197,03199,0.02556098715060351,1
3198,03200,0.007275314098302843,1
3199,03201,0.003914542350660355,1
3200,03202,0.004031866193180633,1
3201,03203,0.005521566192745908,1
3202,03204,0.006734565300842377,1
3203,03205,0.009228572468908958,1
3204,03206,0.010090543820353126,1
3205,03207,0.01039605116248854,1
3206,03208,0.009049494681547365,1
3207,03209,0.0006897578832507634,1
3208,03210,0.00010739896450395747,1
3209,03211,0.0017338864314293545,1
3210,03212,0.001449767749035935,1
3211,03213,0.005524028728513208,1
3212,03214,0.00888863177982202,1
3213,03215,0.01232995705797979,1
3214,03216,0.014424453764069867,1
3215,03217,0.015824293485935392,1
3216,03218,0.01417069822901773,1
3217,03219,0.014026685407157125,1
3218,03220,0.015193415827457812,1
3219,03221,0.014150590735546587,1
3220,03222,0.013712932608593853,1
3221,03223,0.014095317686155795,1
3222,03224,0.014047789322560789,1
3223,03225,0.020780321922274858,1
3224,03226,0.024643161413643533,1
3225,03227,0.02536642233166564,1
3226,03228,0.0253349851291782,1
3227,03229,0.02085709865913099,1
3228,03230,0.007946781141879633,1
3229,03231,0.005060553908398546,1
3230,03232,0.004679092005234864,1
3231,03233,0.008672096148540476,1
3232,03234,0.013248382443674878,1
3233,03235,0.0152574403505783,1
3234,03236,0.013657325306480672,1
3235,03237,0.014189840873886972,1
3236,03238,0.017035035629935358,1
3237,03239,0.018569275430021293,1
3238,03240,0.01581265096050366,1
3239,03241,0.007270376226118813,1
3240,03242,0.007501966462707621,1
3241,03243,0.00018833245065508208,1
3242,03244,0.0005655971364211254,1
3243,03245,0.0002213573139249192,1
3244,03246,0.00012994495448470644,1
3245,03247,0.00014132723216242482,1
3246,03248,0.004891587851520107,1
3247,03249,0.010245688364039829,1
3248,03250,0.014111320964991236,1
3249,03251,0.01612719431044063,1
3250,03252,0.01610143159626798,1
3251,03253,0.014674805991369055,1
3252,03254,0.01609123622682862,1
3253,03255,0.014807962975840638,1
3254,03256,0.01623053769572902,1
3255,03257,0.016236186881275927,1
3256,03258,0.015122906963701332,1
3257,03259,0.013303975269236545,1
3258,03260,0.014337950238763497,1
3259,03261,0.01546780868753661,1
3260,03262,0.015864254085055762,1
3261,03263,0.015342135680090685,1
3262,03264,0.015773955735664202,1
3263,03265,0.013349549010824191,1
3264,03266,0.018826280824450592,1
3265,03267,0.019313913544820593,1
3266,03268,0.01325822988227543,1
3267,03269,0.01089704608413733,1
3268,03270,0.008076689125056546,1
3269,03271,0.007232051786847826,1
3270,03272,0.007735613626147497,1
3271,03273,0.004570072515099888,1
3272,03274,0.002939963182296168,1
3273,03275,0.0022827542173233795,1
3274,03276,0.005242187989428437,1
3275,03277,0.004814694334118741,1
3276,03278,0.008397515594275262,1
3277,03279,0.00968122081984557,1
3278,03280,0.010045318434609207,1
3279,03281,0.009306510433877868,1
3280,03282,0.009337006873417764,1
3281,03283,0.010509407886403643,1
3282,03284,0.010546122166591232,1
3283,03285,0.011052257897098627,1
3284,03286,0.010322288326815254,1
3285,03287,0.010032484669822317,1
3286,03288,0.010280941375542696,1
3287,03289,0.009688907528352608,1
3288,03290,0.011595774950733606,1
3289,03291,0.010516119788936074,0
3290,03292,0.010224869003653936,0
3291,03293,0.010757008926479905,0
3292,03294,0.009917410124045567,0
3293,03295,0.0016643822741748693,0
3294,03296,0.0008523887176066225,0
3295,03297,0.00013358650075634415,0
3296,03298,0.004269560694478258,0
3297,03299,0.010214503317751422,0
3298,03300,0.00931070203626927,0
3299,03301,0.004303338848302474,0
3300,03302,0.004522178149719558,0
3301,03303,0.0003210457908435771,0
3302,03304,0.00024219584187612497,0
3303,03305,0.009492248593328867,0
3304,03306,0.012010357918982528,0
3305,03307,0.012429743370408808,0
3306,03308,0.012275739619234116,0
3307,03309,0.010410222396981084,0
3308,03310,0.012254413408911091,0
3309,03311,0.012122131960252247,0
3310,03312,0.011744017675785479,0
3311,03313,0.01133571595884142,0
3312,03314,0.011391385100188778,0
3313,03315,0.012586837958938446,0
3314,03316,0.01235847510447563,0
3315,03317,0.01214782385814761,0
3316,03318,0.012001392175842618,0
3317,03319,0.011318668380887686,0
3318,03320,0.012558127281543818,0
3319,03321,0.01115950009553135,0
3320,03322,0.011264941399525163,0
3321,03323,0.010447250210336989,0
3322,03324,0.01154769687105528,0
3323,03325,0.011108590853051936,0
3324,03326,0.012059609252411896,0
3325,03327,0.012036782537714785,0
3326,03328,0.0116669728046368,0
3327,03329,0.011766066033814582,0
3328,03330,0.014080221875230059,1
3329,03331,0.01588926002630675,1
3330,03332,0.01692407161175602,1
3331,03333,0.017559540123695427,1
3332,03334,0.01806127960143744,1
3333,03335,0.016783430071562577,1
3334,03336,0.01672553705044777,1
3335,03337,0.01721001828273394,1
3336,03338,0.01698874408615403,1
3337,03339,0.01739268303809194,1
3338,03340,0.017600758545876616,1
3339,03341,0.017517191297317325,1
3340,03342,0.016849704594310566,1
3341,03343,0.018633257998295072,1
3342,03344,0.020522641733893288,1
3343,03345,0.02082076115465714,1
3344,03346,0.022032843024287097,1
3345,03347,0.01850019784594803,1
3346,03348,0.011820131813577994,1
3347,03349,0.008803842400232575,1
3348,03350,0.007219659927929278,1
3349,03351,0.007259311662682677,1
3350,03352,0.009536583954181665,1
3351,03353,0.010929113796168899,1
3352,03354,0.015029923784741328,1
3353,03355,0.01738274834703457,1
3354,03356,0.01720392555858208,1
3355,03357,0.020655420857051965,1
3356,03358,0.02017352411711304,1
3357,03359,0.02019382348690879,1
3358,03360,0.020462302507779917,1
3359,03361,0.020778813694184883,1
3360,03362,0.019619212865813473,1
3361,03363,0.019107427369717378,1
3362,03364,0.01877807245880536,1
3363,03365,0.01897107327991776,1
3364,03366,0.01927393837305935,1
3365,03367,0.018500930520600534,1
3366,03368,0.017533941613231185,1
3367,03369,0.016741489203943694,1
3368,03370,0.01558744355839714,1
3369,03371,0.015844197098004997,1
3370,03372,0.014097272145368933,1
3371,03373,0.014563343924189454,1
3372,03374,0.01399225348871358,1
3373,03375,0.0143274209179447,1
3374,03376,0.014364814251800695,1
3375,03377,0.016194879547543728,1
3376,03378,0.0160237037254376,1
3377,03379,0.01736286146245547,1
3378,03380,0.01968853376786761,1
3379,03381,0.02053991334620875,1
3380,03382,0.020025679549785735,1
3381,03383,0.023467492874650553,1
3382,03384,0.022429129346098975,1
3383,03385,0.022242366735254038,1
3384,03386,0.021541683394620037,1
3385,03387,0.02120103230711301,1
3386,03388,0.022355507436329525,1
3387,03389,0.021357797643767995,1
3388,03390,0.016499999744672422,1
3389,03391,0.01672405567110058,1
3390,03392,0.014934013670456991,1
3391,03393,0.014747654153606682,1
3392,03394,0.014307614459779572,1
3393,03395,0.015046121643215393,1
3394,03396,0.013069267878348612,1
3395,03397,0.01358362726544815,1
3396,03398,0.012190682198895963,1
3397,03399,0.01056704561675037,1
3398,03400,0.009035168100808733,1
3399,03401,0.009082912458493908,1
3400,03402,0.006251160668218958,1
3401,03403,0.0033890014251740652,1
3402,03404,0.00030933263048460446,1
3403,03405,0.00029833820723812465,1
3404,03406,0.0005050282754028856,1
3405,03407,0.0002876882385303148,1
3406,03408,0.000409636373167821,1
3407,03409,0.0003179827910573252,1
3408,03410,0.00041498647561866164,1
3409,03411,0.0003912799652843191,1
3410,03412,0.0008516699864280497,1
3411,03413,0.0003983904029549734,0
3412,03414,0.0009938013160493142,0
3413,03415,0.0002331875512586734,0
3414,03416,0.0007386131175817212,0
3415,03417,0.00018623855462962524,0
3416,03418,8.802809349273133e-05,0
3417,03419,9.903399304711513e-05,0
3418,03420,0.00016223647782886985,0
3419,03421,0.00015927716739128073,0
3420,03422,0.00014107698074727892,0
3421,03423,0.00010357538289174073,0
3422,03424,0.006183700364229772,0
3423,03425,0.010091777544918301,0
3424,03426,0.009488521794976279,0
3425,03427,0.010572585370195675,0
3426,03428,0.008077154415675913,0
3427,03429,0.009576966691060562,0
3428,03430,0.011627206765462361,0
3429,03431,0.011865327763793232,0
3430,03432,0.015091130961390142,0
3431,03433,0.0002992199382783056,0
3432,03434,0.001274982693643345,0
3433,03435,0.0001237144032293358,0
3434,03436,0.00017903744454450532,0
3435,03437,0.005381712381706372,0
3436,03438,0.00603880403734447,0
3437,03439,0.0036575491134582805,0
3438,03440,0.005563498509953746,0
3439,03441,0.005571987440548654,0
3440,03442,0.004820801601645108,0
3441,03443,3.3709108647528296e-05,0
3442,03444,6.421407551648883e-05,0
3443,03445,0.00011933166590871735,0
3444,03446,0.0001318791500217742,0
3445,03447,0.0034288323387636765,0
3446,03448,0.005179140628103873,0
3447,03449,0.004946185618445398,0
3448,03450,0.005762194913033092,0
3449,03451,0.005895768713485516,0
3450,03452,0.00472154393659352,0
3451,03453,0.005056847479831816,0
3452,03454,0.0035676978725591724,0
3453,03455,0.0031324172219449054,0
3454,03456,0.003130644483395173,0
3455,03457,0.006892532245790228,0
3456,03458,0.013832119962954081,0
3457,03459,0.015135884802039534,0
3458,03460,0.013624369757728516,0
3459,03461,0.013314112570703251,0
3460,03462,0.012081070837346886,0
3461,03463,0.01021466893373102,0
3462,03464,0.0062521977072727,0
3463,03465,0.0017644583342937281,0
3464,03466,0.002338936196260022,0
3465,03467,3.0253013848735577e-05,0
3466,03468,0.0008604530882099226,0
3467,03469,0.00408728884683196,0
3468,03470,0.007190495981584277,0
3469,03471,0.006873814048514504,0
3470,03472,0.008489390012552889,0
3471,03473,0.007887735220077019,0
3472,03474,0.006812968951009246,0
3473,03475,0.00490530076287321,0
3474,03476,0.005215392432773136,0
3475,03477,0.0011419132688148537,0
3476,03478,0.00016213038804480107,0
3477,03479,0.0006677794576788187,0
3478,03480,6.230521703898262e-05,0
3479,03481,0.00010154636879189383,0
3480,03482,9.09434297353684e-05,0
3481,03483,6.769860037714182e-05,0
3482,03484,9.48184917390904e-05,0
3483,03485,7.464539935941872e-05,0
3484,03486,8.246869601791218e-05,0
3485,03487,0.00013463523698131752,0
3486,03488,0.00017069709358263907,0
3487,03489,0.00014309202978779467,0
3488,03490,0.00011259113808215204,0
3489,03491,0.0001313634652806428,0
3490,03492,0.0001601116696114957,0
3491,03493,0.00011013924029690259,0
3492,03494,8.772686261249163e-05,0
3493,03495,0.00010938647282543457,0
3494,03496,8.083589311436157e-05,0
3495,03497,7.352702076168782e-05,0
3496,03498,0.00014879704169867836,0
3497,03499,0.00014300303265013525,0
3498,03500,0.00017145104724569649,0
3499,03501,0.00015483304383856478,0
3500,03502,6.581378369041602e-05,0
3501,03503,5.877096487161282e-05,0
3502,03504,9.11599762227766e-05,0
3503,03505,0.005694576770795656,0
3504,03506,0.005384522347044118,0
3505,03507,0.008641846712406753,0
3506,03508,0.012874616014096674,0
3507,03509,0.015407557752931567,0
3508,03510,0.010666450593179277,0
3509,03511,0.01127870365518202,0
3510,03512,0.007972690627518375,0
3511,03513,0.008606368166137024,0
3512,03514,0.00973144225691236,0
3513,03515,0.012067112790296264,0
3514,03516,0.01182756840133159,0
3515,03517,0.014485964579533217,0
3516,03518,0.012784175565595746,0
3517,03519,0.006175781694879312,0
3518,03520,0.00034490502604889173,0
3519,03521,0.0003943837682394147,0
3520,03522,0.00028217629621352103,0
3521,03523,0.0002484377100921975,0
3522,03524,0.000255684781564014,0
3523,03525,0.006037723023907482,0
3524,03526,0.005941280360802992,0
3525,03527,0.013924425548879071,0
3526,03528,0.015758734648537498,0
3527,03529,0.01456824246548205,0
3528,03530,0.01578248756824241,0
3529,03531,0.01576090047175338,0
3530,03532,0.014949228623538424,0
3531,03533,0.01589187177550766,0
3532,03534,0.016030621672292966,0
3533,03535,0.01733676449462873,0
3534,03536,0.01722054213895685,1
3535,03537,0.01647345810177825,1
3536,03538,0.01777463712413052,1
3537,03539,0.01732636658092268,1
3538,03540,0.017472402190930936,1
3539,03541,0.018340156245456818,1
3540,03542,0.018023764044051482,1
3541,03543,0.01825481622681213,1
3542,03544,0.018907607218502598,1
3543,03545,0.02022098026947372,1
3544,03546,0.021487929336559297,1
3545,03547,0.02216366656735058,1
3546,03548,0.02058967417120705,1
3547,03549,0.020966468986720166,1
3548,03550,0.02133552953351625,1
3549,03551,0.021278780269684106,1
3550,03552,0.022126834864939937,1
3551,03553,0.020982763145134697,1
3552,03554,0.014584829884822348,1
3553,03555,0.008194395454043324,1
3554,03556,0.007967614505437481,1
3555,03557,0.009517088664397377,1
3556,03558,0.010973005750722464,1
3557,03559,0.006944283268827789,1
3558,03560,0.00023367255639161755,1
3559,03561,0.00033724195772943943,1
3560,03562,0.000284405432097401,1
3561,03563,0.005327260314184734,1
3562,03564,0.013767975425492907,1
3563,03565,0.016357063280905138,1
3564,03566,0.016357921893329852,1
3565,03567,0.015068571941585951,1
3566,03568,0.017737627087875296,1
3567,03569,0.017108767962825233,1
3568,03570,0.013774472683444117,1
3569,03571,0.01382005949555154,1
3570,03572,0.01317292203607856,1
3571,03573,0.011767738444753206,1
3572,03574,0.011651027398160707,1
3573,03575,0.013376131377911271,1
3574,03576,0.013294791312829624,1
3575,03577,0.013512219557187954,1
3576,03578,0.014805398652489643,1
3577,03579,0.016380532506792278,1
3578,03580,0.013845102636322437,1
3579,03581,0.013564218153070406,1
3580,03582,0.012558310253266036,1
3581,03583,0.011130679569242297,1
3582,03584,0.009389325028168471,1
3583,03585,0.010703910347213075,1
3584,03586,0.011506999397682627,1
3585,03587,0.011656130359519956,1
3586,03588,0.01079195882586692,1
3587,03589,0.012076714592755167,1
3588,03590,0.011164625249385551,1
3589,03591,0.012002403343233325,1
3590,03592,0.012113643886433323,1
3591,03593,0.010614830411309839,1
3592,03594,0.00014223294864113,1
3593,03595,0.0002522286860626721,1
3594,03596,0.00026128134896019617,1
3595,03597,0.010844319142673697,1
3596,03598,0.014439112239216456,1
3597,03599,0.020331061980341403,1
3598,03600,0.02667300334102496,1
3599,03601,0.026675708359419126,1
3600,03602,0.02633115210975756,1
3601,03603,0.025022565443551414,1
3602,03604,0.02489516868574615,1
3603,03605,0.02450221065329128,1
3604,03606,0.023303250231583306,1
3605,03607,0.02223518243964051,1
3606,03608,0.021232573437020008,1
3607,03609,0.019913045366252824,1
3608,03610,0.019449931638427564,1
3609,03611,0.014249364525495523,1
3610,03612,0.011131282564647904,1
3611,03613,0.011402716993343276,1
3612,03614,0.013001728356392128,1
3613,03615,0.013163355052416392,1
3614,03616,0.014231808905464938,1
3615,03617,0.014769444432709555,1
3616,03618,0.018423058156282757,1
3617,03619,0.01687143254156087,1
3618,03620,0.017292818376550834,1
3619,03621,0.015722295632009775,1
3620,03622,0.016173550069821907,1
3621,03623,0.017210128617962894,1
3622,03624,0.016295436414814013,1
3623,03625,0.016284334076305917,1
3624,03626,0.015728654210414028,1
3625,03627,0.01693186565177207,1
3626,03628,0.017623611766522274,1
3627,03629,0.016928932676469444,1
3628,03630,0.01669696884686811,1
3629,03631,0.0177972071575887,1
3630,03632,0.016916187875190225,1
3631,03633,0.01847238301546028,1
3632,03634,0.01649812311105059,1
3633,03635,0.016853200461977913,1
3634,03636,0.01541682288748003,1
3635,03637,0.016976470413244904,1
3636,03638,0.016736534946156567,1
3637,03639,0.015812854655424147,1
3638,03640,0.016260155020370703,1
3639,03641,0.015630553411363657,1
3640,03642,0.015343629631602518,1
3641,03643,0.01598387223741149,1
3642,03644,0.01677027099161421,1
3643,03645,0.01637223677802524,1
3644,03646,0.015556840438065045,1
3645,03647,0.016262067314338324,1
3646,03648,0.016162423257997105,1
3647,03649,0.014755116856895789,1
3648,03650,0.014698952277076849,1
3649,03651,0.0157101740311143,1
3650,03652,0.014718516857790576,1
3651,03653,0.013551039920552732,1
3652,03654,0.013331139536583159,1
3653,03655,0.013754767039855231,1
3654,03656,0.012381115743861137,1
3655,03657,0.013727997751396437,1
3656,03658,0.012336530488070707,1
3657,03659,0.01250106165239906,1
3658,03660,0.012848581120948666,1
3659,03661,0.012976915078355411,1
3660,03662,0.015068476027437328,1
3661,03663,0.015742799079601966,1
3662,03664,0.016928705331895166,1
3663,03665,0.01634857018387592,1
3664,03666,0.017747522385422876,1
3665,03667,0.02058582560843636,1
3666,03668,0.024700126725629268,1
3667,03669,0.026499500656005814,1
3668,03670,0.026550830684769267,1
3669,03671,0.027923579696978784,1
3670,03672,0.026908214644794093,1
3671,03673,0.02638224992798932,1
3672,03674,0.02263013194944108,1
3673,03675,0.022824973265345605,1
3674,03676,0.02231074196837124,1
3675,03677,0.020678101740252863,1
3676,03678,0.020229374044595794,1
3677,03679,0.018360328179322316,1
3678,03680,0.017831246140612045,1
3679,03681,0.016756583335965303,1
3680,03682,0.01628654052452383,1
3681,03683,0.013248884888919399,1
3682,03684,0.007702847930518786,1
3683,03685,0.007646395575028109,1
3684,03686,0.000713308872023255,1
3685,03687,0.0001551387981004737,1
3686,03688,0.0019141974714527166,1
3687,03689,0.0004809853947360665,1
3688,03690,0.0002730448653442963,1
3689,03691,0.0019201389057004192,1
3690,03692,0.0010974852911909139,1
3691,03693,0.0003145521617815561,1
3692,03694,0.0006256861551978687,1
3693,03695,0.00011599831401909455,1
3694,03696,0.00013518243087418114,1
3695,03697,0.0003404244492406505,1
3696,03698,0.0034488298936361517,1
3697,03699,0.008862782338529662,1
3698,03700,0.008984619233609159,1
3699,03701,0.010459976762905221,0
3700,03702,0.01200903573241785,0
3701,03703,0.01221655370290975,0
3702,03704,0.01225784698451804,0
3703,03705,0.012565359356352168,0
3704,03706,0.013212291406650145,0
3705,03707,0.01262169762694576,0
3706,03708,0.012270875723928931,0
3707,03709,0.013544150922131237,0
3708,03710,0.013615175922065959,0
3709,03711,0.013199250639615023,0
3710,03712,0.014369218698915276,0
3711,03713,0.014007500748848933,0
3712,03714,0.012262087412395317,0
3713,03715,0.011439063145993522,0
3714,03716,0.011274871442853218,0
3715,03717,0.012274635640076248,0
3716,03718,0.014007691049326532,0
3717,03719,0.015850403048439432,0
3718,03720,0.01522578590665713,0
3719,03721,0.01933402168772158,0
3720,03722,0.01939773790189392,1
3721,03723,0.019083537522308625,1
3722,03724,0.021624163351256165,1
3723,03725,0.02095106784776224,1
3724,03726,0.016783420948244476,1
3725,03727,0.016244374033938414,1
3726,03728,0.01486835622223559,1
3727,03729,0.016231756127417896,1
3728,03730,0.01657072691770889,1
3729,03731,0.022440672919267435,1
3730,03732,0.02354304359846271,1
3731,03733,0.028152563309569167,1
3732,03734,0.02537093655213951,1
3733,03735,0.025542102112491527,1
3734,03736,0.031374425628664326,1
3735,03737,0.03072160041313854,1
3736,03738,0.031080459888383594,1
3737,03739,0.031087111370106335,1
3738,03740,0.031003269107626963,1
3739,03741,0.028866726508262275,1
3740,03742,0.02604152865999776,1
3741,03743,0.028807177498120673,1
3742,03744,0.026819382442724304,1
3743,03745,0.02651745378171455,1
3744,03746,0.02408657157457128,1
3745,03747,0.023944004098880534,1
3746,03748,0.019440282084178584,1
3747,03749,0.01879420103067897,1
3748,03750,0.018821077185553925,1
3749,03751,0.01976789683113367,1
3750,03752,0.01884785073353612,1
3751,03753,0.017591411027749082,1
3752,03754,0.017855780336908822,1
3753,03755,0.017640416102103984,1
3754,03756,0.018383982575802982,1
3755,03757,0.02011776271473309,1
3756,03758,0.020740237227754754,1
3757,03759,0.02175775010766401,1
3758,03760,0.020355835579837667,1
3759,03761,0.021768814678926773,1
3760,03762,0.02285596231903586,1
3761,03763,0.024298399211483357,1
3762,03764,0.027015347570477743,1
3763,03765,0.02645646780690125,1
3764,03766,0.027242851630188802,1
3765,03767,0.028605247991164262,1
3766,03768,0.02723108781968353,1
3767,03769,0.026898557430565795,1
3768,03770,0.02662706451790342,1
3769,03771,0.02708970126658805,1
3770,03772,0.026610162956994365,1
3771,03773,0.02750549147674075,1
3772,03774,0.0274400907658503,1
3773,03775,0.027852640631657266,1
3774,03776,0.026901886952264142,1
3775,03777,0.025409795889077103,1
3776,03778,0.02416537544423214,1
3777,03779,0.026181020532858312,1
3778,03780,0.02591133371592047,1
3779,03781,0.0259312761703141,1
3780,03782,0.026220916029866537,1
3781,03783,0.02714986569773803,1
3782,03784,0.02649351885648077,1
3783,03785,0.026508615370404165,1
3784,03786,0.025832518782451075,1
3785,03787,0.026546580642658135,1
3786,03788,0.02609705640868043,1
3787,03789,0.026532365874635033,1
3788,03790,0.026460845280573686,1
3789,03791,0.025339629501304195,1
3790,03792,0.022316004305587,1
3791,03793,0.020640670017095353,1
3792,03794,0.01932535006398517,1
3793,03795,0.01933192775593895,1
3794,03796,0.019383621293115993,1
3795,03797,0.019891666509041173,1
3796,03798,0.019728060962243887,1
3797,03799,0.020799468406389465,1
3798,03800,0.020736832357810542,1
3799,03801,0.022949227121809024,1
3800,03802,0.02301730114787759,1
3801,03803,0.02339950395600976,1
3802,03804,0.023309429217906796,1
3803,03805,0.023532701490037056,1
3804,03806,0.024954476384311697,1
3805,03807,0.025424628837960483,1
3806,03808,0.026672841098333677,1
3807,03809,0.03463750792586673,1
3808,03810,0.03328716970844603,1
3809,03811,0.03722528382794277,1
3810,03812,0.03526894427684901,1
3811,03813,0.03363891222008153,1
3812,03814,0.03140129568478933,1
3813,03815,0.02842929477775069,1
3814,03816,0.021679233148701016,1
3815,03817,0.02174643239044194,1
3816,03818,0.019751921593853083,1
3817,03819,0.016996122503846856,1
3818,03820,0.016658054323269056,1
3819,03821,0.015033354833021484,1
3820,03822,0.01379894469940357,1
3821,03823,0.012295173650244351,1
3822,03824,0.013922882269402415,1
3823,03825,0.014136932248758782,1
3824,03826,0.01158592752336407,1
3825,03827,0.001528896782684086,1
3826,03828,3.8968402060746143e-05,1
3827,03829,0.0014241212276324688,1
3828,03830,0.00133450780127653,1
3829,03831,0.008283849725192027,1
3830,03832,0.011963495319949224,1
3831,03833,0.016457508912165686,1
3832,03834,0.01764458756297671,1
3833,03835,0.017732371241864442,1
3834,03836,0.01718488918058725,1
3835,03837,0.01642975542411307,1
3836,03838,0.016063166748311986,1
3837,03839,0.015186149027477391,1
3838,03840,0.015185368246960707,1
3839,03841,0.015712460825260344,1
3840,03842,0.01583694109844025,1
3841,03843,0.01638449663772601,1
3842,03844,0.01631656156537442,1
3843,03845,0.016332209982604873,1
3844,03846,0.014590175324213028,1
3845,03847,0.013298328301241114,1
3846,03848,0.012236088600171335,1
3847,03849,0.011070851143713867,1
3848,03850,0.011018566689890541,1
3849,03851,0.010353263645456856,1
3850,03852,0.009853318293127522,1
3851,03853,0.0069488505554788915,1
3852,03854,0.006787442168172397,1
3853,03855,0.006777275074368205,1
3854,03856,0.008006827831174235,1
3855,03857,0.007793733979247541,1
3856,03858,0.0011257738710286347,1
3857,03859,0.006274507621529146,1
3858,03860,0.004246150902528889,1
3859,03861,0.0014082195711857537,1
3860,03862,0.0071364395646158485,1
3861,03863,0.004884910875895265,1
3862,03864,0.003316866428720644,1
3863,03865,0.003780481620438536,1
3864,03866,0.0022839555918805488,0
3865,03867,0.0011228073063573873,0
3866,03868,0.0015507328152484234,0
3867,03869,0.0025184919924479132,0
3868,03870,0.011135940343051765,0
3869,03871,0.017876028110925368,0
3870,03872,0.018518968827248905,0
3871,03873,0.019310188349418667,0
3872,03874,0.019517146064031543,0
3873,03875,0.020943211597105105,0
3874,03876,0.024037932955938146,0
3875,03877,0.025517142157147177,0
3876,03878,0.025241009838513406,0
3877,03879,0.025557821621515764,1
3878,03880,0.025081900919078137,1
3879,03881,0.02115585032186118,1
3880,03882,0.015121851874543069,1
3881,03883,0.014619729852197061,1
3882,03884,0.014833380355644188,1
3883,03885,0.014224962574519218,1
3884,03886,0.015490794929212903,1
3885,03887,0.014629097961035065,1
3886,03888,0.014951273613274196,1
3887,03889,0.015192413499105939,1
3888,03890,0.015287888926432736,1
3889,03891,0.015472281633042151,1
3890,03892,0.014645471606852034,1
3891,03893,0.014128173288106005,1
3892,03894,0.014875765069510827,1
3893,03895,0.01567553050341175,1
3894,03896,0.014245539138502572,1
3895,03897,0.014381534219275238,1
3896,03898,0.016400303319941578,1
3897,03899,0.01652848037361032,1
3898,03900,0.015610248225181422,1
3899,03901,0.014846116891575889,1
3900,03902,0.01571117405206035,1
3901,03903,0.016279179311658787,1
3902,03904,0.016922195053431288,1
3903,03905,0.016795752893973948,1
3904,03906,0.017451237947464726,1
3905,03907,0.017377725900294294,1
3906,03908,0.02068487584467249,1
3907,03909,0.02007436225704229,1
3908,03910,0.022436348667947748,1
3909,03911,0.02056605126467481,1
3910,03912,0.017149418333411326,1
3911,03913,0.012717759860965572,1
3912,03914,0.012871370184810438,1
3913,03915,0.010648592244245414,1
3914,03916,0.011106517517264436,1
3915,03917,0.010463455446051206,1
3916,03918,0.010785263883539287,1
3917,03919,0.010773345142070845,1
3918,03920,0.01097394775888727,1
3919,03921,0.008413360657689495,1
3920,03922,0.003908463192206391,1
3921,03923,0.001537209373815962,1
3922,03924,0.002031056956560029,1
3923,03925,0.010128661010441853,1
3924,03926,0.017228430911088388,1
3925,03927,0.020918647286182868,1
3926,03928,0.021308987425427084,1
3927,03929,0.02111124162486,1
3928,03930,0.02131452711344206,1
3929,03931,0.024986877319599365,1
3930,03932,0.026112346115678697,1
3931,03933,0.02857095501894502,1
3932,03934,0.028274485843385655,1
3933,03935,0.026463440047835185,1
3934,03936,0.02543242378205779,1
3935,03937,0.02312495304027884,1
3936,03938,0.019325352353512848,1
3937,03939,0.019330099125027367,1
3938,03940,0.01818593331695606,1
3939,03941,0.016494516227543166,1
3940,03942,0.015916316666283237,1
3941,03943,0.020301755733482807,1
3942,03944,0.021392934258995133,1
3943,03945,0.024620952211708236,1
3944,03946,0.027551684929142617,1
3945,03947,0.025803379154041295,1
3946,03948,0.016236896523517785,1
3947,03949,0.016299905482337174,1
3948,03950,0.013230467263944057,1
3949,03951,0.013036434456136448,1
3950,03952,0.015583438862549315,1
3951,03953,0.014316272221488902,1
3952,03954,0.012712497446877968,1
3953,03955,0.01559110944084896,1
3954,03956,0.01655469487121497,1
3955,03957,0.012792992128434655,1
3956,03958,0.013608426420880448,1
3957,03959,0.013194367257049144,1
3958,03960,0.020537500149639065,1
3959,03961,0.019497264229332956,1
3960,03962,0.026134030129601804,1
3961,03963,0.018669160234809468,1
3962,03964,0.018519643120551876,1
3963,03965,0.020511993934845485,1
3964,03966,0.012713114584142815,1
3965,03967,0.014463059091887054,1
3966,03968,0.01575512451904526,1
3967,03969,0.016654930705228388,1
3968,03970,0.013231046489259768,1
3969,03971,0.011903826776856974,1
3970,03972,0.015078461492093354,1
3971,03973,0.015365747493346404,1
3972,03974,0.01545109408467038,1
3973,03975,0.015379658357042025,1
3974,03976,0.0160786988035424,1
3975,03977,0.015660918268825874,1
3976,03978,0.015502044759427847,1
3977,03979,0.015834234554070292,1
3978,03980,0.01431998302200821,1
3979,03981,0.015038501876969868,1
3980,03982,0.014524834439103351,1
3981,03983,0.018232670980841803,1
3982,03984,0.017883117632147005,1
3983,03985,0.01782358400612427,1
3984,03986,0.016143559103404925,1
3985,03987,0.015257782613122828,1
3986,03988,0.014954039487022897,1
3987,03989,0.015007761341549575,1
3988,03990,0.015445005169691939,1
3989,04276,0.00876334594818573,1
3990,04277,0.00943535848490562,1
3991,04278,0.010307407163178794,1
3992,04279,0.011479608693848675,1
3993,04280,0.003506146419987033,1
3994,04281,0.006864220787676345,1
3995,04282,0.005925485617522597,1
3996,04283,0.006219208649248742,1
3997,04284,0.005336307587194611,1
3998,04285,0.003946475157624363,1
3999,04286,0.0004834027304010391,1
4000,04287,0.002669687143066035,1
4001,04288,0.0027507664858790193,1
4002,04289,0.004310459099055919,1
4003,04290,0.00616982918015907,1
4004,04291,0.003733784676455798,1
4005,04292,0.0020442564549494335,0
4006,04293,0.002105396021540251,0
4007,04294,0.005194439431934761,0
4008,04295,0.0043122694383619375,0
4009,04296,0.006020258627838615,0
4010,04297,0.004752818192619301,0
4011,04298,0.004929478579033031,0
4012,04299,0.00018403308796433038,0
4013,04300,6.663948595786451e-05,0
4014,04301,0.003495750294532307,0
4015,04302,0.0032522562630505902,0
4016,04303,0.0032002056254869515,0
4017,04304,0.002647889583248464,0
4018,04305,0.0061932151954069425,0
4019,04306,0.008441740435962686,0
4020,04307,0.008929765291904701,0
4021,04308,0.009126740870536665,0
4022,04309,0.00885106647722722,0
4023,04310,0.006959497960780325,0
4024,04311,0.0080122848376325,0
4025,04312,0.00768240824788613,0
4026,04313,0.008425425407631693,0
4027,04314,0.006950274633870102,0
4028,04315,0.00826361207272086,0
4029,04316,0.009575436582676566,0
4030,04317,0.009899809507831314,0
4031,04318,0.009929198221627189,0
4032,04319,0.008644642201822705,0
4033,04320,0.008546304954348827,0
4034,04321,0.001056992957275682,0
4035,04322,0.00023296219546242725,0
4036,04323,0.0001613678300671495,0
4037,04324,0.0009188380955080788,0
4038,04325,0.0004642221926207668,0
4039,04326,0.0003551111545059271,0
4040,04327,0.003346006586679273,0
4041,04328,0.0028678284770009554,0
4042,04329,0.0006475071925580167,0
4043,04330,0.0009745051469813859,0
4044,04331,9.861108506115102e-05,0
4045,04332,6.377928111689357e-05,0
4046,04333,6.84518090396935e-05,0
4047,04334,4.7901207524070344e-05,0
4048,04335,6.740200778487804e-05,0
4049,04336,4.6276646783027786e-05,0
4050,04337,0.00034356162427329195,0
4051,04338,0.0005710284001123611,0
4052,04339,0.00012433044811466232,0
4053,04340,0.00010376977922987862,0
4054,04341,0.0001155898664526589,0
4055,04342,0.0029344229640937414,0
4056,04343,0.0030798290381595095,0
4057,04344,0.005430829834463857,0
4058,04345,0.009539872214364031,0
4059,04346,0.004671053603670039,0
4060,04347,0.00012313026973664876,0
4061,04348,0.0001357230510725671,0
4062,04349,7.283614240005676e-05,0
4063,04350,4.730650584150453e-05,0
4064,04351,0.0007572394272052918,0
4065,04352,0.006071294115800541,0
4066,04353,0.004740458703703432,0
4067,04354,0.0051693040511260335,0
4068,04355,0.008513032939775123,0
4069,04356,0.0070940668958563435,0
4070,04357,0.005999068338053526,0
4071,04358,0.006487956444569676,0
4072,04359,0.003955830444687614,0
4073,04360,0.002609363299750811,0
4074,04361,0.0006154007735315048,0
4075,04362,0.0010370146377596257,0
4076,04363,0.0010007638855871193,0
4077,04364,0.00019775822528522724,0
4078,04365,0.00023258744602117076,0
4079,04366,0.00242336585314451,0
4080,04367,0.002772714353871386,0
4081,04368,0.002733678076739743,0
4082,04369,0.0041255247742180146,0
4083,04370,0.002464017218281711,0
4084,04371,0.00046548450024097576,0
4085,04372,0.0017670463770977918,0
4086,04373,0.00021848313314976053,0
4087,04374,0.00363588739448506,0
4088,04375,0.005967502329557561,0
4089,04376,0.005686230990312957,0
4090,04377,0.005000165546891644,0
4091,04378,0.005064941892266361,0
4092,04379,0.00489548885891633,0
4093,04380,0.004686028008415555,0
4094,04381,0.002187366960114012,0
4095,04382,0.0027416756216593896,0
4096,04383,0.0029286691733192427,0
4097,04384,0.001297336600530663,0
4098,04385,0.00048185703377434663,0
4099,04386,0.0034952118644797636,0
4100,04387,0.006301222289226693,0
4101,04388,0.006089564412845583,0
4102,04389,0.008602033268040543,0
4103,04390,0.011137072299928441,0
4104,04391,0.015998341786706227,0
4105,04392,0.010812810892633529,0
4106,04393,0.009831945496101113,0
4107,04394,0.014697767937446038,0
4108,04395,0.013298043395780113,0
4109,04396,0.013122691371295403,0
4110,04397,0.011881160944446023,0
4111,04398,0.011996330874876726,0
4112,04399,0.00956610642913791,0
4113,04400,0.007011293253287754,0
4114,04401,0.0015950194966274367,0
4115,04402,0.0010650263052918163,0
4116,04403,0.00012937480561880932,0
4117,04404,9.919677096892343e-05,0
4118,04405,0.0016728108739396674,0
4119,04406,0.006169168546159121,0
4120,04407,0.006201947330452207,0
4121,04408,0.007028065854166599,0
4122,04409,0.007268502756288875,0
4123,04410,0.008144285993510358,0
4124,04411,0.007376765594584889,0
4125,04412,0.00767104566162935,0
4126,04413,0.005863408205737386,0
4127,04414,0.004530081819150489,0
4128,04415,0.002948027553057564,0
4129,04416,0.002139220057689961,0
4130,04417,0.0021858381190558163,0
4131,04418,0.001964107956899497,0
4132,04419,4.5625823251960185e-05,0
4133,04420,9.30995763805953e-05,0
4134,04421,0.0032057830351517325,0
4135,04422,0.0019801330543511853,0
4136,04423,0.003626746088639443,0
4137,04424,0.005953067660699141,0
4138,04425,0.004320039122355013,0
4139,04426,0.0070330096990876,0
4140,04427,0.006402221308115408,0
4141,04428,0.007443192487416539,0
4142,04429,0.007797287899252936,0
4143,04430,0.005523902131887581,0
4144,04431,0.006932513393676842,0
4145,04432,0.007396951789526263,0
4146,04433,0.006581176508791309,0
4147,04434,0.006964196744702278,0
4148,04435,0.0063204872608872975,0
4149,04436,0.0058930368821084045,0
4150,04437,0.005822326799424182,0
4151,04438,0.004753649478234756,0
4152,04439,0.0063394037240858125,0
4153,04440,0.006825785932125683,0
4154,04441,0.003935381672172333,0
4155,04442,0.004846014738574489,0
4156,04443,0.007599660013013043,0
4157,04444,0.0040362038019159385,0
4158,04445,0.00201278157287188,0
4159,04446,0.005625351334681561,0
4160,04447,0.005580038415080146,0
4161,04448,0.0051484014348348595,0
4162,04449,0.004853424542947238,0
4163,04450,0.005419886789352013,0
4164,04451,0.004832835900757004,0
4165,04452,0.0050981161041132594,0
4166,04453,0.00626270802916995,0
4167,04454,0.007887817588573931,0
4168,04455,0.008375420635803543,0
4169,04456,0.005342341749212665,0
4170,04457,0.005429226997457626,0
4171,04458,0.002316389910225425,0
4172,04459,0.0020394599759425702,0
4173,04460,0.00019426036549319292,0
4174,04461,0.0037127911805914238,0
4175,04462,0.004022312920293203,0
4176,04463,0.007726056563654993,0
4177,04464,0.005863810781507439,0
4178,04465,0.0044362594858435855,0
4179,04466,0.004924021066090134,0
4180,04467,0.004746443508870435,0
4181,04468,0.006524938803107894,0
4182,04469,0.007220107080680549,0
4183,04470,0.007902686021728833,0
4184,04471,0.0074214561897854026,0
4185,04472,0.007325183549295566,0
4186,04473,0.007205307377839532,0
4187,04474,0.0065187539747064704,0
4188,04475,0.003564027755460941,0
4189,04476,0.0036047765597047032,0
4190,04477,0.002795709577655181,0
4191,04478,0.004792112443492869,0
4192,04479,0.00718111114119413,0
4193,04480,0.011609827751246193,0
4194,04481,0.009497956511352434,0
4195,04482,0.009204025033021423,0
4196,04483,0.0119773791676554,0
4197,04484,0.01334545051222591,0
4198,04485,9.628820386975434e-05,0
4199,04486,8.420180098767105e-05,0
4200,04487,7.798704258288325e-05,0
4201,04488,7.534135003695042e-05,0
4202,04489,9.458116113947312e-05,0
4203,04490,0.003777541453906963,0
4204,04491,0.008446162685519454,0
4205,04492,0.008494995137709793,0
4206,04493,0.007744245935505489,0
4207,04494,0.0029051459739726226,0
4208,04495,5.573719956863954e-05,0
4209,04496,0.0022579602615158123,0
4210,04497,0.0023742529108146115,0
4211,04498,0.0025182365984273147,0
4212,04499,0.006357950657860378,0
4213,04500,0.009878077888694214,0
4214,04501,0.012103854741159381,0
4215,04502,0.01172558436357729,0
4216,04503,0.011440670009119636,0
4217,04504,0.009746777338458301,0
4218,04505,0.01171730793692749,0
4219,04506,0.009373158272502735,0
4220,04507,0.00817882829054728,0
4221,04508,0.006901932432847424,0
4222,04509,0.0019526724524299155,0
4223,04510,8.584963757307662e-05,0
4224,04511,0.0012252517191537748,0
4225,04512,0.0011428343136890007,0
4226,04513,0.0032486895178154285,0
4227,04514,0.005579879074558924,0
4228,04515,0.00911015365502088,0
4229,04516,0.0076461242147578545,0
4230,04517,0.008422759949150205,0
4231,04518,0.002311831385148899,0
4232,04519,6.402751860967726e-05,0
4233,04520,0.00014058765959035213,0
4234,04521,0.0001459830925725214,0
4235,04522,0.00017564739149289466,0
4236,04523,0.000101983459635413,0
4237,04524,0.00013478988299109318,0
4238,04525,0.00011039267506873784,0
4239,04526,0.00014944527704496835,0
4240,04527,0.0001548875744976641,0
4241,04528,0.00014977044780284388,0
4242,04529,0.00023922440305756965,0
4243,04530,7.59857397358843e-05,0
4244,04531,0.00023836532163556967,0
4245,04532,0.00011933026431787397,0
4246,04533,0.00012100643141277345,0
4247,04534,0.00012235437412044803,0
4248,04535,0.00026441050314574,0
4249,04536,0.0001086360541027176,0
4250,04537,0.00010696820251610006,0
4251,04538,0.00014495626688848517,0
4252,04539,0.0001661911160004692,0
4253,04540,0.00016442259117877,0
4254,04541,0.0001609988796680284,0
4255,04542,8.391323867051881e-05,0
4256,04543,0.00012395252389563183,0
4257,04544,0.004426823803128421,0
4258,04545,0.0060617744230491155,0
4259,04546,0.009405688765434128,0
4260,04547,0.009670081793997198,0
4261,04548,0.009201193291763055,0
4262,04549,0.009752459345860665,0
4263,04550,0.013224675064932967,0
4264,04551,0.012926635095769079,0
4265,04552,0.014492129659075204,0
4266,04553,0.011555285469817989,0
4267,04554,0.009272921566495285,0
4268,04555,0.008232633813678447,0
4269,04556,0.008011052738886804,0
4270,04557,0.008045903141865374,0
4271,04558,0.007651921197568079,0
4272,04559,0.008544374518747233,0
4273,04560,0.00563443439952227,0
4274,04561,0.0027553856072337624,0
4275,04562,0.003943587900134382,0
4276,04563,0.0015238413320677324,0
4277,04564,0.004389581851632407,0
4278,04565,0.007103398692708041,0
4279,04566,0.004907159427948393,0
4280,04567,0.005272055384279106,0
4281,04568,0.003655614965603071,0
4282,04569,0.005584107894182289,0
4283,04570,0.015598406826882183,0
4284,04571,0.014906899281736052,0
4285,04572,0.015644620356781047,0
4286,04573,0.010875083175191591,0
4287,04574,0.008744483330199948,0
4288,04575,0.00010428589589128734,0
4289,04576,3.643023219535024e-05,0
4290,04577,5.65846561730865e-05,0
4291,04578,0.0043476278087002385,0
4292,04579,0.007112189276309522,0
4293,04580,0.006050962856245512,0
4294,04581,0.003700645384117962,0
4295,04582,0.00382512880210939,0
4296,04583,0.002344168067200947,0
4297,04584,0.002355715442035944,0
4298,04585,0.004563892873279407,0
4299,04586,0.004770545234776158,0
4300,04587,0.005006868804942499,0
4301,04588,0.006563819828117268,0
4302,04589,0.006563897581782108,0
4303,04590,0.005400261788902405,0
4304,04591,0.006940989209476278,0
4305,04592,0.007118229035326884,0
4306,04593,0.006743428689819808,0
4307,04594,0.006045532346168336,0
4308,04595,0.005502542574330249,0
4309,04596,0.0011095008419967911,0
4310,04597,0.0016967322079572966,0
4311,04598,8.763276950407572e-05,0
4312,04599,7.009638960919773e-05,0
4313,04600,0.004955918135402193,0
4314,04601,0.006557021932342089,0
4315,04602,0.007204505431405828,0
4316,04603,0.006631318681638021,0
4317,04604,0.005438427500196852,0
4318,04605,0.006049878585891122,0
4319,04606,0.00557434090210851,0
4320,04607,0.005721967625602176,0
4321,04608,0.004526135041337476,0
4322,04609,0.005540994582374559,0
4323,04610,0.004785243263411232,0
4324,04611,0.006360678197189884,0
4325,04612,0.0060159449905716755,0
4326,04613,0.0031171417238908816,0
4327,04614,8.948830516342099e-05,0
4328,04615,0.0026680985809450775,0
4329,04616,0.0035085687973213098,0
4330,04617,0.003406645804464148,0
4331,04618,0.005295008357334652,0
4332,04619,0.006550728229497871,0
4333,04620,0.0073356221948790434,0
4334,04621,0.008487501546147413,0
4335,04622,0.008378317742326225,0
4336,04623,0.009193498777255726,0
4337,04624,0.008956909244444589,0
4338,04625,0.008797391625225082,0
4339,04626,0.007427881044113072,0
4340,04627,0.007427984839292634,0
4341,04628,0.0066834255094088135,0
4342,04629,0.002681907711738596,0
4343,04630,0.0007488579965500008,0
4344,04631,0.0010374071419594344,0
4345,04632,0.0010173455017481459,0
4346,04633,0.00020732883094609633,0
4347,04634,0.00020554907207692708,0
4348,04635,0.0010608950851951349,0
4349,04636,0.004478516720989312,0
4350,04637,0.004550054639752332,0
4351,04638,0.0037464189287055305,0
4352,04639,0.001122436605089483,0
4353,04640,0.0018126558048026098,0
4354,04641,0.0028632640239214524,0
4355,04642,0.0018149828282263414,0
4356,04643,0.0033319031432483825,0
4357,04644,0.003003576328461044,0
4358,04645,0.008419865446999353,0
4359,04646,0.009995274247009078,0
4360,04647,0.008912517685690347,0
4361,04648,0.00838536913621013,0
4362,04649,0.008967434780704941,0
4363,04650,0.005981384105099963,0
4364,04651,0.0059147507348908945,0
4365,04652,0.006212873255099005,0
4366,04653,0.004879460824436244,0
4367,04654,0.007225552661593859,0
4368,04655,0.007707739164149352,0
4369,04656,0.006818504062337638,0
4370,04657,0.005772557173079562,0
4371,04658,0.005739599977963472,0
4372,04659,0.003478144605734812,0
4373,04660,5.0788303768811716e-05,0
4374,04661,4.0145608780406405e-05,0
4375,04662,9.341710479571219e-05,0
4376,04663,0.00012785591069519597,0
4377,04664,0.004362103048817012,0
4378,04665,0.007030836558456599,0
4379,04666,0.0092337666944875,0
4380,04667,0.009082235321028698,0
4381,04668,0.009857130657361601,0
4382,04669,0.01063978292167267,0
4383,04670,0.0077898953014585715,0
4384,04671,0.008162379485438187,0
4385,04672,0.006459276155855065,0
4386,04673,0.005608121340326733,0
4387,04674,0.005356630307888466,0
4388,04675,0.00023875883255985997,0
4389,04676,0.00038765971681264944,0
4390,04677,0.0014454009645383792,0
4391,04678,0.0026186091930151534,0
4392,04679,0.002690935209340495,0
4393,04680,0.003152249317289524,0
4394,04681,0.003575435322582088,0
4395,04682,0.003998433108553634,0
4396,04683,0.0035738807442511344,0
4397,04684,0.007357797169714075,0
4398,04685,0.0011688298093144311,0
4399,04686,0.0026033147761603814,0
4400,04687,0.00012118226781243635,0
4401,04688,0.001755147164382187,0
4402,04689,0.006439467053333203,0
4403,04690,0.008373287528141482,0
4404,04691,0.008524419344734468,0
4405,04692,0.009273685350138727,0
4406,04693,0.009297285193906824,0
4407,04694,0.009397330454329555,0
4408,04695,0.0041864805148579265,0
4409,04696,0.004256175964508557,0
4410,04697,4.0523896184474495e-05,0
4411,04698,8.42758365262597e-05,0
4412,04699,0.0032817597100809337,0
4413,04700,0.010167367390656601,0
4414,04701,0.010429033199732984,0
4415,04702,0.011124309523215636,0
4416,04703,0.010183782938302244,0
4417,04704,0.008225278285874715,0
4418,04705,0.007244442736509704,0
4419,04706,0.007066915312273991,0
4420,04707,0.005784464701796388,0
4421,04708,0.004123412181631814,0
4422,04709,0.005086436405186134,0
4423,04710,0.003529311407953095,0
4424,04711,0.0035395646668279213,0
4425,04712,0.0029446619507407235,0
4426,04713,0.002968648199481727,0
4427,04714,0.005019865744715801,0
4428,04715,0.0049543716109266,0
4429,04716,0.004416906214580685,0
4430,04717,0.002153323830891729,0
4431,04718,0.0014894041568700445,0
4432,04719,0.0038853878950293463,0
4433,04720,0.0033709441460567646,0
4434,04721,0.0035491561527463134,0
4435,04722,0.0030273282745740815,0
4436,04723,0.0029164270174923956,0
4437,04724,0.005086689980444703,0
4438,04725,0.005907868845818065,0
4439,04726,0.0064279808661158455,0
4440,04727,0.007521639095648958,0
4441,04728,0.0074689041822111335,0
4442,04729,0.009850390572196943,0
4443,04730,0.009648098510236736,0
4444,04731,0.008883650899194073,0
4445,04732,0.007906668901178193,0
4446,04733,0.005822381068736782,0
4447,04734,0.006314166056917259,0
4448,04735,0.009147999338253499,0
4449,04736,0.00894773037507246,0
4450,04737,0.014215453355387098,0
4451,04738,0.017749447123208917,0
4452,04739,0.019087342368491633,0
4453,04740,0.02157133848670778,0
4454,04741,0.02197891008400621,0
4455,04742,0.021403280287472626,0
4456,04767,0.0002558573864792635,0
4457,04768,0.0001732069936597469,0
4458,04769,0.0003877372530505241,0
4459,04770,0.0003960643640166239,0
4460,04771,0.00026677920664042176,0
4461,04772,0.00027692021343916906,0
4462,04773,0.00023196240784439937,0
4463,04774,0.0011397290105517044,0
4464,04775,0.0002974376110023158,0
4465,04776,0.0003304591900334941,0
4466,04777,0.000618169389253076,0
4467,04778,0.017641342614889588,0
4468,04779,0.014638096523806432,0
4469,04780,0.012586560004408831,0
4470,04781,0.01287685753385226,0
4471,04782,0.01102272764437906,0
4472,04783,0.010930572028344798,0
4473,04784,0.010134787434995296,0
4474,04785,0.012508074243557488,0
4475,04786,0.012703628907563491,0
4476,04787,0.008181689626196587,0
4477,04788,0.0041040627281319075,0
4478,04789,0.0004032913273883665,0
4479,04790,0.0024178991968888397,0
4480,04791,0.0025143821103483788,0
4481,04792,0.003865799356986166,0
4482,04793,0.005734724479538933,0
4483,04794,0.006567461460976531,0
4484,04795,0.008169870206288898,0
4485,04796,0.00811030107143118,0
4486,04797,0.009782678552851642,0
4487,04798,0.00857656031507581,0
4488,04799,0.00740754772742136,0
4489,04800,0.008361332810428834,0
4490,04801,0.008229023162729554,0
4491,04802,0.005336128210824853,0
4492,04803,0.004762234978365143,0
4493,04804,0.005405191884340965,0
4494,04805,0.006209682956219709,0
4495,04806,0.006126303915261033,0
4496,04807,0.006662875367705823,0
4497,04808,0.00869005184314009,0
4498,04809,0.014011563398500293,0
4499,04810,0.00923659611236527,0
4500,04811,0.009301632014195427,0
4501,04812,0.0001320266296778172,0
4502,04813,7.418997055985699e-05,0
4503,04814,7.17309013369416e-05,0
4504,04815,0.001960741530990795,0
4505,04816,0.0014556331584874016,0
4506,04817,0.007359825000996523,0
4507,04818,0.010100120441592253,0
4508,04819,0.011086802950494246,0
4509,04820,0.011840903193011343,0
4510,04821,0.0123644751172316,0
4511,04822,0.011202363049808817,0
4512,04823,0.0016069347367544395,0
4513,04824,0.00015393767917437629,0
4514,04825,0.00016999111520643595,0
4515,04826,7.726532806362485e-05,0
4516,04829,0.0215590368793821,0
4517,04830,0.009869766059985352,0
4518,04831,0.009880714427263904,0
4519,04832,0.010325515295076748,0
4520,04833,0.010630020675730378,0
4521,04834,0.01122609993415491,0
4522,04835,0.010216687804732949,0
4523,04836,0.010621555440604169,0
4524,04837,0.010257429260901674,0
4525,04838,0.009608470721755857,0
4526,04839,0.009255601071588515,0
4527,04840,0.004592963314796528,0
4528,04841,0.004606551704740447,0
4529,04842,0.0037727920408245907,0
4530,04843,0.003154537409602476,0
4531,04844,0.006852031468975284,0
4532,04845,0.013220272215078488,0
4533,04846,0.013021019629605668,0
4534,04847,0.014252873137930777,0
4535,04848,0.013774303197743087,0
4536,04849,0.012180836581372922,0
4537,04850,0.012408170079154068,0
4538,04851,0.01163088248504529,0
4539,04852,0.011295513486738962,0
4540,04853,0.010803121977487784,0
4541,04854,0.01056311489866335,0
4542,04855,0.009796523744245889,0
4543,04856,0.010061250885442519,0
4544,04857,0.010040588600532807,0
4545,04858,0.009478672006584254,0
4546,04859,0.010198268928428789,0
4547,04860,0.010732753359820713,0
4548,04861,0.010693770114698964,0
4549,04862,0.010936757223701576,0
4550,04863,0.009629085273284765,0
4551,04864,0.010332295171934902,0
4552,04865,0.006282303395892974,0
4553,04866,0.0065168529359125316,0
4554,04867,0.0011507251726259327,0
4555,04868,2.6058350110602646e-05,0
4556,04869,0.00012100785063839936,0
4557,04870,0.00418555079144145,0
4558,04871,0.004223298799816533,0
4559,04872,0.0038542134603485323,0
4560,04873,4.467524971563108e-05,0
4561,04874,7.374721467723333e-05,0
4562,04875,0.004369453525391087,0
4563,04876,0.004486817945123178,0
4564,04877,0.007998510989022378,0
4565,04878,0.013164886752501381,0
4566,04879,0.017182786519671644,0
4567,04880,0.010607729518246956,0
4568,04881,0.010670177853241647,0
4569,04882,0.009154138037835935,0
4570,04883,0.007003110439508298,0
4571,04884,0.006180466869288637,0
4572,04885,0.0018122380596787835,0
4573,04886,0.0021942272462878165,0
4574,04887,0.00010535479923934332,0
4575,04888,0.0001258218779325304,0
4576,04889,0.000279393680149731,0
4577,04890,0.011122405887651787,0
4578,04891,0.010987532532645616,0
4579,04892,0.014034436850733911,0
4580,04893,0.015138843225936505,0
4581,04894,0.014687600987076443,0
4582,04895,0.016318355217783242,0
4583,04896,0.01704485401126732,0
4584,04897,0.017483198116742926,0
4585,04898,0.015685579973023778,0
4586,04899,0.015999280649531933,0
4587,04900,0.018674256376217002,0
4588,04901,0.018629585722517383,0
4589,04902,0.016951770848913306,0
4590,04903,0.01570030252674748,1
4591,04904,0.014147167029356922,1
4592,04905,0.012730821159784078,1
4593,04906,0.012665223655078606,1
4594,04907,0.012722433469853911,1
4595,04908,0.012731036588387035,1
4596,04909,0.011602301768490086,1
4597,04910,0.00941815384796918,1
4598,04911,0.008792913543702596,1
4599,04912,0.007941819694513796,1
4600,04913,0.005274993430303354,1
4601,04914,0.003615773917315046,1
4602,04915,0.00867272623379467,1
4603,04916,0.008902969899788893,1
4604,04917,0.00992909940761244,1
4605,04918,0.010903883652828128,1
4606,04919,0.015159309863316928,1
4607,04920,0.021618787399364514,1
4608,04921,0.021665235764142032,1
4609,04922,0.025505468041417956,1
4610,04923,0.02600752384951388,1
4611,04924,0.025246768685381227,1
4612,04925,0.023050694967948537,1
4613,04926,0.023047877452025745,1
4614,04927,0.019378899502026314,1
4615,04928,0.018142476740605318,1
4616,04929,0.01710864724733252,1
4617,04930,0.017280965560539485,1
4618,04931,0.0170809769837037,1
4619,04932,0.017534918530505372,1
4620,04933,0.019072029224705744,1
4621,04934,0.018968364940314508,1
4622,04935,0.01951328949511133,1
4623,04936,0.013009565469986661,1
4624,04937,0.012182679122662243,1
4625,04938,0.01149122892112775,1
4626,04939,0.011418684498245568,1
4627,04940,0.01138895199936485,1
4628,04941,0.00819424374823896,1
4629,04942,0.008223872947842104,1
4630,04943,0.006664554892975794,1
4631,04944,0.007116676862320759,1
4632,04945,0.006996944090400525,1
4633,04946,0.009841659785706725,1
4634,04947,0.008105716202063462,1
4635,04948,0.0001802832711099711,1
4636,04949,5.707433668344919e-05,1
4637,04950,5.674269166178192e-05,1
4638,04951,0.0035834515493560204,1
4639,04952,0.006329529667749689,1
4640,04953,0.008278179638652183,1
4641,04954,0.00787917806370686,1
4642,04955,0.007852939630802247,1
4643,04956,0.006351775079064481,1
4644,04957,0.0036764697558622217,0
4645,04958,0.005252871664517933,0
4646,04959,0.005681429741465571,0
4647,04960,0.005262857670574661,0
4648,04961,0.006144956464708251,0
4649,04962,0.0005618312752915244,0
4650,04963,0.00015780119400332637,0
4651,04964,0.0002239028320305536,0
4652,04965,0.0002213855309936008,0
4653,04966,0.007255529339322386,0
4654,04967,0.008639094339680575,0
4655,04968,0.009562963244582612,0
4656,04969,0.007576688127187481,0
4657,04970,0.007702306532177516,0
4658,04971,0.00628332247208796,0
4659,04972,0.00615928493105411,0
4660,04973,0.003739880665104778,0
4661,04974,0.0051620519136159615,0
4662,04975,0.006148852928919979,0
4663,04976,0.00801456150781732,0
4664,04977,0.009515396169785362,0
4665,04978,0.010975885553571096,0
4666,04979,0.010562221459023746,0
4667,04980,0.010852940002858524,0
4668,04981,0.011933139775506696,0
4669,04982,0.012043614808239234,0
4670,04983,0.013087694205051292,0
4671,04984,0.01104468701468253,0
4672,04985,0.010690949407469397,0
4673,04986,0.016244609500990492,0
4674,04987,0.018465796851815597,0
4675,04988,0.01755189437491289,0
4676,04989,0.0168996103236827,0
4677,04990,0.017127755610610862,0
4678,04991,0.009921857158478709,0
4679,04992,0.009911197108170455,0
4680,04993,0.009066530558581753,0
4681,04994,0.010478700499700011,0
4682,04995,0.010345226669951302,1
4683,04996,0.012178746546445574,1
4684,04997,0.011445068909810452,1
4685,04998,0.00235675413423575,1
4686,04999,8.26087532388442e-05,0
4687,05000,6.945822550008529e-05,0
4688,05001,3.603637537175075e-05,0
4689,05002,0.005100019445417381,0
4690,05003,0.007753306792493753,0
4691,05004,0.0062455571760198225,0
4692,05005,0.006044598589568295,0
4693,05006,0.008002849928723244,0
4694,05007,0.008732332218230887,0
4695,05008,0.009142198408042645,0
4696,05009,0.009492521677680443,0
4697,05010,0.00934221554586756,0
4698,05011,0.01008094566126605,0
4699,05012,0.010427150516090222,0
4700,05013,0.012025199348268956,0
4701,05014,0.010840740648776048,0
4702,05015,0.011503478775009235,0
4703,05016,0.010456587021113961,0
4704,05017,0.0111600301869208,0
4705,05018,0.012032269325382927,0
4706,05019,0.012746812795097817,0
4707,05020,0.012802971583599998,0
4708,05021,0.013605493279992054,0
4709,05022,0.014598547445289434,0
4710,05023,0.016959674974366123,0
4711,05024,0.018042550180145334,0
4712,05025,0.017908175160719964,0
4713,05026,0.0166756906513994,0
4714,05027,0.015906932878096747,0
4715,05028,0.015607756995662747,1
4716,05029,0.01565267703680906,1
4717,05030,0.015486821274039997,1
4718,05031,0.019707080130548782,1
4719,05032,0.024409023265282492,1
4720,05033,0.02397213849267299,1
4721,05034,0.025271009215266815,1
4722,05035,0.02529282287432011,1
4723,05036,0.023699320268546487,1
4724,05037,0.014088663814785463,1
4725,05038,0.00010735472961798109,1
4726,05039,0.0001355202687305379,1
4727,05040,0.00012407592163565795,1
4728,05041,0.002561656175624094,1
4729,05042,0.011059955895423634,1
4730,05043,0.011743056722280265,1
4731,05044,0.011486364880116895,1
4732,05045,0.011303029225129713,1
4733,05046,0.010128106376630086,1
4734,05047,0.01213259694712221,1
4735,05048,0.012838184730428637,1
4736,05049,0.014597334486148306,1
4737,05050,0.01470779525684307,1
4738,05051,0.01296452176685392,1
4739,05052,0.013827518897479685,1
4740,05053,0.012280765169317753,1
4741,05054,0.008513316724361175,1
4742,05055,0.008479622832847866,1
4743,05056,0.00434510618665751,1
4744,05057,0.006832223326523668,1
4745,05058,0.010034334755189,1
4746,05059,0.01231828103437671,1
4747,05060,0.012754024943161468,1
4748,05061,0.003836224568154023,1
4749,05062,7.642461922685584e-05,1
4750,05063,0.00018297791025023713,0
4751,05064,0.008744171653880528,0
4752,05065,0.008664734072465485,0
4753,05066,0.013949201760397045,0
4754,05067,0.014593313324606783,0
4755,05068,0.013125814512607192,0
4756,05069,0.01181180211877475,0
4757,05070,0.011964410510299395,0
4758,05071,0.007748916651647342,0
4759,05072,0.0006756883231719968,0
4760,05073,0.0008727330993902882,0
4761,05074,0.00661911620648592,0
4762,05075,0.0066503031772287,0
4763,05076,0.007805321838365131,0
4764,05077,0.002689417701203567,0
4765,05078,2.579813589242974e-05,0
4766,05079,3.192225004333693e-05,0
4767,05080,2.8921633354883625e-05,0
4768,05081,0.00820195151369063,0
4769,05082,0.01055804850722275,0
4770,05083,0.014803883206242041,0
4771,05084,0.017359838971627184,0
4772,05085,0.01723470133098637,0
4773,05086,0.01366922303678475,0
4774,05087,0.012042814534911628,0
4775,05088,0.008746273100395996,0
4776,05089,0.00805152828109268,0
4777,05090,0.008275148192551818,0
4778,05091,0.0073284398183322,0
4779,05092,0.0049150602878214045,0
4780,05093,0.00016762250309820814,0
4781,05094,0.00017404252063446535,0
4782,05095,0.00017962612319255555,0
4783,05096,0.002259908060751492,0
4784,05097,0.003516587792519843,0
4785,05098,0.0015199359415660751,0
4786,05099,0.0006735099453107907,0
4787,05100,0.00032334357987551243,0
4788,05101,0.011068744943474762,0
4789,05102,0.017267391186868153,0
4790,05103,0.021078634082350334,0
4791,05104,0.023690835133260535,0
4792,05105,0.022435971605125893,0
4793,05106,0.024489880870347314,0
4794,05107,0.016789901632332516,0
4795,05108,0.011105484451473302,0
4796,05109,0.00766722030511513,0
4797,05110,0.007938641501463728,0
4798,05111,0.008001516024119582,0
4799,05112,0.009489952635246546,0
4800,05113,0.01106161838127484,0
4801,05114,0.008255389210173547,0
4802,05115,0.00824761324579626,0
4803,05116,0.011050503841435244,0
4804,05117,0.018481062750306698,0
4805,05118,0.02117882970453433,0
4806,05119,0.02039672305939444,0
4807,05120,0.02057953020960568,1
4808,05121,0.0021918320028495586,1
4809,05122,4.279503385973271e-05,1
4810,05123,5.825297819228581e-05,1
4811,05124,0.00017290319489227102,1
4812,05125,0.00018066746709255455,1
4813,05126,0.012965407467925516,1
4814,05127,0.012731666378563489,1
4815,05128,0.014825956026678355,1
4816,05129,0.014725778837729742,1
4817,05130,0.014644766023882205,1
4818,05131,0.01474585888440938,1
4819,05132,0.014772611604829677,1
4820,05133,0.015448007002163422,1
4821,05134,0.014864933264325586,1
4822,05135,0.01499407090263638,1
4823,05136,0.014289512168975449,1
4824,05137,0.014103718347868721,1
4825,05138,0.012438300706368643,1
4826,05139,0.012629668278819395,1
4827,05140,0.012671714767433784,1
4828,05141,0.012148666840390732,1
4829,05142,0.011933227077345343,1
4830,05143,0.010967244278595523,1
4831,05144,0.010697353269599752,1
4832,05145,0.010082031973861483,1
4833,05146,0.01129291912912489,1
4834,05147,0.014585222094573247,1
4835,05148,0.01440997176467107,1
4836,05149,0.012742634877263903,1
4837,05150,0.012167396031539823,1
4838,05151,0.010771849172208192,1
4839,05152,0.010527928078992943,1
4840,05153,0.011704639509956039,1
4841,05154,0.011936845855004208,1
4842,05155,0.0119424484824604,1
4843,05156,0.010880742147708844,1
4844,05157,0.011327193488508414,1
4845,05158,0.012206910948150629,1
4846,05159,0.01184721257203769,1
4847,05160,0.011432012751170895,1
4848,05161,0.012011590827794016,1
4849,05162,0.012519874339999681,1
4850,05163,0.011491765513066632,1
4851,05164,0.01042273718241482,1
4852,05165,0.010575338573695525,1
4853,05166,0.011682435840119965,1
4854,05167,0.011850313123183298,1
4855,05168,0.011956693643514704,1
4856,05169,0.011073152623840343,1
4857,05170,0.01057611045788498,1
4858,05171,0.009096767029149078,1
4859,05172,0.009467133537098604,1
4860,05173,0.008684381026423438,1
4861,05174,0.007958728948534777,1
4862,05175,0.007832998130790969,1
4863,05176,0.005851716977364418,1
4864,05177,0.0073034079708875765,1
4865,05178,0.008121678506326724,1
4866,05179,0.008420628873670566,1
4867,05180,0.008353892174327804,0
4868,05181,0.010563567764808823,0
4869,05182,0.014239847813724893,1
4870,05183,0.012871494577860076,1
4871,05184,0.0007149052433632619,0
4872,05185,0.0007027443226759189,0
4873,05186,0.00012178624200043231,0
4874,05187,0.005399371397040831,0
4875,05188,0.006855535237364485,0
4876,05189,0.008824873895520113,0
4877,05190,0.008329204090179232,0
4878,05191,0.005736851828115341,0
4879,05192,0.00814556551714496,0
4880,05193,0.011124678018201273,0
4881,05194,0.010196630571844167,0
4882,05195,0.010459788395488445,0
4883,05196,0.005304927049832209,0
4884,05197,0.00015151402118451784,0
4885,05198,0.00017540066827503864,0
4886,05199,9.445391362472577e-05,0
4887,05200,8.66484122257205e-05,0
4888,05201,0.0015166592907815968,0
4889,05202,0.004899476811837111,0
4890,05203,0.0059244384139036654,0
4891,05204,0.005906189931513595,0
4892,05205,0.00646742683557644,0
4893,05206,0.007301632575939188,0
4894,05207,0.008937489373946228,0
4895,05208,0.008590171281630532,0
4896,05209,0.008489208668462922,0
4897,05210,0.009258557756580466,0
4898,05211,0.00977464209370904,0
4899,05212,0.00950318815800344,0
4900,05213,0.01023070534722681,0
4901,05214,0.01049773211204208,0
4902,05215,0.011845488064460064,0
4903,05216,0.010714361412221152,0
4904,05217,0.010974621476695035,0
4905,05218,0.01238260488892795,0
4906,05219,0.012648291661347066,0
4907,05220,0.012646797427965595,0
4908,05221,0.01338992842862119,0
4909,05222,0.01412729304084781,0
4910,05223,0.015115859603466397,0
4911,05224,0.014460635996514704,0
4912,05225,0.015621048149958128,0
4913,05226,0.01594745366737005,0
4914,05227,0.014284869366351316,0
4915,05228,0.013426926523098182,0
4916,05229,0.013276197384245236,0
4917,05230,0.009214029626650522,1
4918,05231,0.011766464700054158,1
4919,05232,0.01100593387828308,1
4920,05233,0.010958084108582788,1
4921,05234,0.011006856651196273,1
4922,05235,0.010352651760014986,1
4923,05236,0.005369893659268321,1
4924,05237,0.0016428398165562186,1
4925,05238,8.696083961901024e-05,1
4926,05239,0.000894050359236509,1
4927,05240,0.001877266630029517,1
4928,05241,0.009517348064617792,1
4929,05242,0.009328340062893403,1
4930,05243,0.010369051797221474,1
4931,05244,0.01030358162665479,1
4932,05245,0.011191344365275135,1
4933,05246,0.01214264023833067,1
4934,05247,0.01170874298505975,1
4935,05248,0.011670914637567975,1
4936,05249,0.011590552046275349,1
4937,05250,0.012030541696100627,1
4938,05251,0.011110217921911136,1
4939,05252,0.01098740210469984,0
4940,05253,0.010515414813275115,0
4941,05254,0.010527056077243913,0
4942,05255,0.00915558227217339,0
4943,05256,0.009918813762371137,0
4944,05257,0.01093307689201417,0
4945,05258,0.010105047641302711,0
4946,05259,0.010323777716783056,0
4947,05260,0.011956429446683181,0
4948,05261,0.013415705284786306,0
4949,05262,0.015263322792853806,0
4950,05263,0.012724790914250939,0
4951,05264,0.011838910922240764,0
4952,05265,0.009798595446242508,0
4953,05266,0.01038301997418678,0
4954,05267,0.0106850907176268,0
4955,05268,0.010190046438462552,1
4956,05269,0.010221453572238914,1
4957,05270,0.008758871562929649,1
4958,05271,0.007857269821696988,1
4959,05272,0.008772569530290042,1
4960,05273,0.008924479016132025,1
4961,05274,0.008642580374199405,1
4962,05275,0.009063885986702047,1
4963,05276,0.009574989061245986,1
4964,05277,0.01098057347079795,1
4965,05278,0.013017537225055165,1
4966,05279,0.013073788114175144,1
4967,05280,0.014382706514481924,1
4968,05281,0.01144501564678535,1
4969,05282,0.00904651336761031,1
4970,05283,0.00519778200297516,1
4971,05284,0.005484440589090589,1
4972,05285,0.0020359589887029017,0
4973,05286,0.003326658583318043,0
4974,05287,0.005081229338527393,0
4975,05288,0.006625102025984653,0
4976,05289,0.006655657382126812,0
4977,05290,0.007271115868976885,0
4978,05291,0.007552829737247357,0
4979,05292,0.00772569788294053,0
4980,05293,0.007722795264396787,0
4981,05294,0.007782917598356143,0
4982,05295,0.008700154679682548,0
4983,05296,0.011277347209221134,0
4984,05297,0.01163303287398243,0
4985,05298,0.012673314698282923,0
4986,05299,0.012685845311010802,0
4987,05300,0.014006423821963487,0
4988,05301,0.011469555857505753,0
4989,05302,0.012327199837241842,0
4990,05303,0.011294579131555516,0
4991,05304,0.01192513323123201,0
4992,05305,0.011629323247210444,0
4993,05306,0.01132000044555248,0
4994,05307,0.011311653086112372,0
4995,05308,0.011354424700130927,0
4996,05309,0.011386978501850109,0
4997,05310,0.01120022497803852,0
4998,05311,0.010782437851259097,0
4999,05312,0.010072246508526561,0
5000,05313,0.00966025753296229,0
5001,05314,0.010572052163663415,0
5002,05315,0.010217104879077787,0
5003,05316,0.010647203108502978,0
5004,05317,0.009794880144041507,0
5005,05318,0.009426554655875385,1
5006,05319,0.009724521183962942,1
5007,05320,0.009360064243892019,1
5008,05321,0.00758775374776377,1
5009,05322,0.007264777214720297,1
5010,05323,0.00617555883731935,1
5011,05324,0.0067937147546128784,1
5012,05325,0.0048822891938611335,1
5013,05326,0.0012336852811483112,0
5014,05327,9.318213523812346e-05,0
5015,05328,0.00015663948268596073,0
5016,05329,0.0001834566980711827,0
5017,05330,0.00011746661627576316,0
5018,05331,9.279865571265589e-05,0
5019,05332,0.00011556620914365823,0
5020,05333,9.41878341462754e-05,0
5021,05334,6.297306632152555e-05,0
5022,05335,6.573109980667624e-05,0
5023,05336,0.00010469044720373688,0
5024,05337,9.33517789700744e-05,0
5025,05338,8.602790097445023e-05,0
5026,05339,7.359690776720385e-05,0
5027,05340,8.100021996515494e-05,0
5028,05341,0.00012215080377409038,0
5029,05342,0.00010339696202699145,0
5030,05343,6.354743148762054e-05,0
5031,05344,5.957894086972004e-05,0
5032,05345,6.843617916540978e-05,0
5033,05346,6.97904868163235e-05,0
5034,05347,2.481868262727005e-05,0
5035,05348,6.329846368480219e-05,0
5036,05349,7.161594659343962e-05,0
5037,05350,5.735856239930115e-05,0
5038,05351,7.82373154386562e-05,0
5039,05352,4.7802392049156595e-05,0
5040,05353,7.525942972907984e-05,0
5041,05354,8.975368905428383e-05,0
5042,05355,0.009426786090947381,0
5043,05356,0.010456394967634175,0
5044,05357,0.01016524395695928,0
5045,05358,0.009740923565587423,0
5046,05359,0.009735779703869518,0
5047,05360,0.01015199173052217,0
5048,05361,0.011400598384995853,0
5049,05362,0.011138108309778794,0
5050,05363,0.011159166169480983,0
5051,05364,0.01152141381040206,0
5052,05365,0.008993167160138427,0
5053,05366,0.010284535822015606,0
5054,05367,0.009458457936228903,0
5055,05368,0.009986595026933998,0
5056,05369,0.010067626079764302,0
5057,05370,0.015415646732673594,0
5058,05371,0.011502568460476148,0
5059,05372,0.011741295340502944,0
5060,05373,0.011123612956481566,0
5061,05374,0.01146141910244669,0
5062,05375,0.011155624798500519,0
5063,05376,0.01030837719512867,0
5064,05377,0.009383839355251666,0
5065,05378,0.00882985817041071,0
5066,05379,0.008877755855637659,0
5067,05380,0.008512566336055905,0
5068,05381,0.007933208685801496,0
5069,05382,0.008345306147624854,0
5070,05383,0.009851707173190505,0
5071,05384,0.00927635117637493,0
5072,05385,0.009200902284753454,0
5073,05386,0.009202649851973277,0
5074,05387,0.010665618432506463,0
5075,05388,0.01250456176942194,0
5076,05389,0.012788211654199522,1
5077,05390,0.008488408271112746,1
5078,05391,0.006112402077627976,0
5079,05392,0.0062940802206652435,0
5080,05393,0.00661275433845443,0
5081,05394,0.006506028807384823,0
5082,05395,0.007914265135180898,0
5083,05396,0.008551712072250695,0
5084,05397,0.007801194655423949,0
5085,05398,0.007562305402435854,0
5086,05399,0.007761107572684445,0
5087,05400,0.008055091097415534,0
5088,05401,0.008457580830730116,0
5089,05402,0.008300695074826336,0
5090,05403,0.008971365893680527,0
5091,05404,0.009037958347903441,0
5092,05405,0.011991129263801525,0
5093,05406,0.01094686638559228,0
5094,05407,0.011173307874408067,0
5095,05408,0.0114259561695782,0
5096,05409,0.011150037034284743,0
5097,05410,0.013212426777535313,0
5098,05411,0.012649764104638805,0
5099,05412,0.013727810327063494,0
5100,05413,0.013469370061192087,0
5101,05414,0.013619075860421326,0
5102,05415,0.016495795797783153,0
5103,05416,0.0212976524942059,1
5104,05417,0.019913239679753225,1
5105,05418,0.024294291772637422,1
5106,05419,0.024614955815765782,1
5107,05420,0.02412310652455485,1
5108,05421,0.025947806416643182,1
5109,05422,0.026193954472946146,1
5110,05423,0.02475546418729646,1
5111,05424,0.02468848671655266,1
5112,05425,0.02330658367178451,1
5113,05426,0.022428991783128183,1
5114,05427,0.0214980973110368,1
5115,05428,0.02140266169429239,1
5116,05429,0.02150791058679502,1
5117,05430,0.02215348313624954,1
5118,05431,0.022612700146507514,1
5119,05432,0.02075233692440115,1
5120,05433,0.02094920154870561,1
5121,05434,0.021244109985577353,1
5122,05435,0.01595653454813828,1
5123,05436,0.015818610992153204,1
5124,05437,0.016951965865364294,1
5125,05438,0.013607114034827283,1
5126,05439,0.013958921029078475,1
5127,05440,0.01216228161468802,1
5128,05441,0.010376527117087697,1
5129,05442,0.00797120539090912,1
5130,05443,0.004479577113507105,1
5131,05444,0.004331521281414119,1
5132,05445,0.007571884521710537,1
5133,05446,0.005716470100765925,1
5134,05447,0.0022973704425330865,1
5135,05448,0.0006158046592830146,1
5136,05449,0.0006762256402010891,1
5137,05450,0.005392675361787447,1
5138,05451,0.006807955963318513,1
5139,05452,0.008145135644910262,1
5140,05453,0.011428425885335436,1
5141,05454,0.011441226611871969,1
5142,05455,0.01257179713809986,1
5143,05456,0.01238631109070365,1
5144,05457,0.013195276597389949,1
5145,05458,0.013165490297899929,1
5146,05459,0.012351599215205233,1
5147,05460,0.011969158794754797,1
5148,05461,0.01110821089798808,1
5149,05462,0.01086935753913032,1
5150,05463,0.011909663541493032,0
5151,05464,0.011862540157230761,0
5152,05465,0.010436207416393728,0
5153,05466,0.011158096204936463,0
5154,05467,0.010934957521239852,0
5155,05468,0.010520636385362714,0
5156,05469,0.010918740901153079,0
5157,05470,0.010796247878411158,0
5158,05471,0.011011626535555763,0
5159,05472,0.009809278486074824,0
5160,05473,0.009719432304260422,0
5161,05474,0.009997578683547559,0
5162,05475,0.01170156050168103,0
5163,05476,0.012205611135901684,0
5164,05477,0.010990398083191799,0
5165,05478,0.010982337797855735,1
5166,05479,0.011868968731101326,1
5167,05480,0.011990409146910963,1
5168,05481,0.01250725715721046,1
5169,05482,0.011744728424844197,1
5170,05483,0.011734574586585111,1
5171,05484,0.013015969091855872,1
5172,05485,0.01220550442091728,1
5173,05486,0.013239691340400483,1
5174,05487,0.012574962119612287,1
5175,05488,0.012775635460492651,1
5176,05489,0.013609162003223929,1
5177,05490,0.012920286252678714,1
5178,05491,0.01497955504187054,1
5179,05492,0.016197054909064867,1
5180,05493,0.015899630759440342,1
5181,05494,0.015346327215950417,1
5182,05495,0.018238630346414375,1
5183,05496,0.020214827006533653,1
5184,05497,0.022142884177207556,1
5185,05498,0.022136207145613263,1
5186,05499,0.02222345863334141,1
5187,05500,0.007986569843313696,1
5188,05501,0.0013404010361544039,1
5189,05502,0.0001274646854474426,1
5190,05503,0.0001241919369894262,1
5191,05504,0.0004713512148848409,1
5192,05505,0.0055915596389661815,1
5193,05506,0.00733891468417891,1
5194,05507,0.008327080219465266,1
5195,05508,0.008207923645190185,1
5196,05509,0.00834890856368009,1
5197,05510,0.009586466553962225,1
5198,05511,0.010759516599361696,1
5199,05512,0.01142501812241914,1
5200,05513,0.011709052668639863,1
5201,05514,0.010240766843191196,1
5202,05515,0.006507955456269698,1
5203,05516,0.004373380244474312,1
5204,05517,0.003732346319569757,1
5205,05518,0.003648707004081153,1
5206,05519,0.004952599605821284,0
5207,05520,0.00803577797117594,0
5208,05521,0.010344181985006529,0
5209,05522,0.009764172193442278,0
5210,05523,0.009854903125937398,0
5211,05524,0.009864342223674605,0
5212,05525,0.006799803550806338,0
5213,05526,0.005669164222274148,0
5214,05527,0.005225169475856717,0
5215,05528,0.004916701451121774,0
5216,05529,0.0048514781217967595,0
5217,05530,0.003834737487247608,0
5218,05531,0.004221830887896516,0
5219,05532,0.003595280050156191,0
5220,05533,0.0035949910586809963,0
5221,05534,0.004764574135298183,0
5222,05535,0.01194012787466292,0
5223,05536,0.012572218301412974,0
5224,05537,0.011918842364009308,0
5225,05538,0.01187411683759887,0
5226,05539,0.015481566909799405,0
5227,05540,0.012002240927002639,0
5228,05541,0.009209495983129479,0
5229,05542,0.00882273856637017,0
5230,05543,0.008815858923379771,0
5231,05544,0.00890348302517463,0
5232,05545,0.008832897627907066,0
5233,05546,0.010177145359398843,0
5234,05547,0.00978743901643675,0
5235,05548,0.010218879691500149,0
5236,05549,0.010003546837620725,0
5237,05550,0.010027362533472584,0
5238,05551,0.010457312647099037,0
5239,05552,0.009682065696733133,0
5240,05553,0.009141376340602747,0
5241,05554,0.008968097764435967,0
5242,05555,0.008976937941938878,0
5243,05556,0.009481750510822451,0
5244,05557,0.011036085202043466,0
5245,05558,0.011430111495264406,0
5246,05559,0.010556379984081765,0
5247,05560,0.004407207224891074,0
5248,05561,0.00010973811353132135,0
5249,05562,5.8999688470784406e-05,0
5250,05563,3.436943155765704e-05,0
5251,05564,0.00257901833994012,0
5252,05565,0.004397236165910812,0
5253,05566,2.2694512737508887e-05,0
5254,05567,1.7047577739681685e-05,0
5255,05568,2.1894761562890608e-05,0
5256,05569,0.00016004417019388484,0
5257,05570,9.733423849755951e-05,0
5258,05571,0.0003062043112098678,0
5259,05572,0.00047612681982656113,0
5260,05573,0.0005980843712318773,0
5261,05574,0.0022596537303609665,0
5262,05575,0.0038287315506346786,0
5263,05576,0.0002127013848438608,0
5264,05577,1.5609169813579626e-05,0
5265,05578,1.7215727262431813e-05,0
5266,05579,0.0001131679832004906,0
5267,05580,0.002466844373606669,0
5268,05581,0.005895317154502422,0
5269,05582,0.005415909112451267,0
5270,05583,0.005505332627521398,0
5271,05584,0.005653223579252575,0
5272,05585,0.004473258861745322,0
5273,05586,7.153678908711214e-05,0
5274,05587,0.0006991467743366897,0
5275,05588,0.0007031682270852713,0
5276,05589,0.010056923852062027,0
5277,05590,0.012741877959864922,0
5278,05591,0.009434699697878912,0
5279,05592,0.0027460180581737603,0
5280,05593,0.0023573395318514656,0
5281,05594,0.0009117342925328842,0
5282,05595,0.003309538835318371,0
5283,05596,0.007095947102144784,0
5284,05597,0.008052191016723498,0
5285,05598,0.007788236898478296,0
5286,05599,0.008272336636300004,0
5287,05600,0.01007180834570054,0
5288,05601,0.010385259414027459,0
5289,05602,0.009750242020113653,0
5290,05603,0.01003571350748178,0
5291,05604,0.009963694237257847,0
5292,05605,0.009738348219771709,0
5293,05606,0.011392916842426715,0
5294,05607,0.010567305248287084,0
5295,05608,0.01129160256787376,0
5296,05609,0.010386550278999707,0
5297,05610,0.011076502303283497,0
5298,05611,0.003809223835832931,0
5299,05612,0.0001984393950822394,0
5300,05613,0.0009837725493344607,0
5301,05614,0.0021667176655038034,0
5302,05615,0.005566225038124983,0
5303,05616,0.008102016916315513,0
5304,05617,0.008583921560543217,0
5305,05618,0.007790043471770147,0
5306,05619,0.007157702046744596,0
5307,05620,0.0067129752031913625,0
5308,05621,0.005464798769558854,0
5309,05622,0.00495351302603364,0
5310,05623,0.0047892950766303954,0
5311,05624,0.004920723130855009,0
5312,05625,0.004174576136949604,0
5313,05626,0.000189105865078254,0
5314,05627,0.0033379397037966996,0
5315,05628,0.003333549198281105,0
5316,05629,0.006545451668052316,0
5317,05630,0.008983506185376022,0
5318,05631,0.00919489757339953,0
5319,05632,0.009481186190539503,0
5320,05633,0.008989597474046818,0
5321,05634,0.009873407614881202,0
5322,05635,0.009530784416400984,0
5323,05636,0.00701047730169968,0
5324,05637,0.005572045509886436,0
5325,05638,0.005921274531369036,0
5326,05639,0.006012728438372861,0
5327,05640,0.005881552338035334,0
5328,05641,0.007627416735637382,0
5329,05642,0.009020596756627697,0
5330,05643,0.008463881562947861,0
5331,05644,0.010341571575892772,0
5332,05645,0.011365583522591649,0
5333,05646,0.015491756055665995,0
5334,05647,0.01535834970575678,0
5335,05648,0.015088954343304373,0
5336,05649,0.015572517317544943,0
5337,05650,0.018022188618552093,0
5338,05651,0.017141715890224063,0
5339,05652,0.018177853911226727,0
5340,05653,0.019376183998407015,0
5341,05654,0.01888916154494158,0
5342,05655,0.017871857497149257,1
5343,05656,0.01972249238731294,1
5344,05657,0.017610693722144077,1
5345,05658,0.016351918285375078,1
5346,05659,0.018625499880119634,1
5347,05660,0.017451896974769454,1
5348,05661,0.016706652480801054,1
5349,05662,0.018773701207150495,1
5350,05663,0.019306924773254686,1
5351,05664,0.01811542850452419,1
5352,05665,0.018503494052869662,1
5353,05666,0.01457585727438282,1
5354,05667,0.014688800320916684,1
5355,05668,0.014181385627271226,1
5356,05669,0.010828545350521246,1
5357,05670,0.00826187065162376,1
5358,05671,0.008444478861920679,1
5359,05672,0.011927203310184709,1
5360,05673,0.011616935266448358,1
5361,05674,0.01588567265548768,1
5362,05675,0.018392233494044063,1
5363,05676,0.018909191142254755,1
5364,05677,0.013241311100366637,1
5365,05678,0.013216184957818733,1
5366,05679,0.012298252089189887,1
5367,05680,0.009059763632808249,1
5368,05681,0.008662787490890445,1
5369,05682,0.009900702783712134,1
5370,05683,0.009827932638935444,1
5371,05684,0.01362467748405738,1
5372,05685,0.019382572933458242,1
5373,05686,0.0034849523999582743,1
5374,05687,9.16509563984036e-05,1
5375,05688,6.471623799786386e-05,1
5376,05689,5.974872810732279e-05,1
5377,05690,0.0011115256167597565,1
5378,05691,0.008417374487074802,1
5379,05692,0.011034653021478213,1
5380,05693,0.011015690908001474,1
5381,05694,0.010118357410294543,1
5382,05695,0.009035534598539563,1
5383,05696,0.007070057803654883,0
5384,05697,0.005198197869687782,0
5385,05698,0.005159936045094682,0
5386,05699,0.004449716875992493,0
5387,05700,0.0029021942432754244,0
5388,05701,0.0001309148252701675,0
5389,05702,9.476425161469848e-05,0
5390,05703,8.702662089898894e-05,0
5391,05704,0.00010233588566599394,0
5392,05705,0.00014782989704276162,0
5393,05706,0.0014053649892948883,0
5394,05707,3.453326520297395e-05,0
5395,05708,3.0630138826204245e-05,0
5396,05709,3.138717328354801e-05,0
5397,05710,3.187599165865862e-05,0
5398,05711,0.00770352460192214,0
5399,05712,0.009908900132251652,0
5400,05713,0.010219873721193373,0
5401,05714,0.01174875081276916,0
5402,05715,0.013424499697376469,0
5403,05716,0.010827668501188548,0
5404,05717,0.010782866781095635,0
5405,05718,0.010973990301817338,0
5406,05719,0.009256626045154981,0
5407,05720,0.009428520677550623,0
5408,05721,0.010449410606471865,0
5409,05722,0.011046888022521628,0
5410,05723,0.01016741034975066,0
5411,05724,0.010385977132202129,0
5412,05725,0.010078551824117099,0
5413,05726,0.011440045564054202,0
5414,05727,0.012556943463897241,0
5415,05728,0.012525173454234206,0
5416,05729,0.012523927164378001,0
5417,05730,0.013035948670403918,0
5418,05731,0.009926062845137196,0
5419,05732,0.008623756189877874,0
5420,05733,0.009471687945318052,0
5421,05734,0.006509450262687899,0
5422,05735,0.00011319586003022408,0
5423,05736,0.00010870044128541423,0
5424,05737,6.051490905889523e-05,0
5425,05738,0.003098181418766721,0
5426,05739,0.007099643002928424,0
5427,05740,0.0038821625561400452,0
5428,05741,0.00010905836122176993,0
5429,05742,0.00010632868490922931,0
5430,05743,0.0002518047157273884,0
5431,05744,0.0025213833942530073,0
5432,05745,0.00421657792034047,0
5433,05746,0.011448147065298286,0
5434,05747,0.011716100025264353,0
5435,05748,0.016972514628468716,0
5436,05749,0.016682256237912974,0
5437,05750,0.0098575507040648,0
5438,05751,5.021715331832155e-05,0
5439,05752,3.3642086664897874e-05,0
5440,05753,3.0364592068288232e-05,0
5441,05754,4.217782449345009e-05,0
5442,05755,0.00031834349937120976,0
5443,05756,0.007146386162849794,0
5444,05757,0.006667604033245844,0
5445,05758,0.009147688161116996,0
5446,05759,0.011741942547335071,0
5447,05760,0.013026235359290261,0
5448,05761,0.011858116444295241,0
5449,05762,0.011984496920302234,0
5450,05763,0.010480711027874179,0
5451,05764,0.005656956517095857,0
5452,05765,0.0034603914286570614,0
5453,05766,0.0021071599537272334,0
5454,05767,0.002032014275609839,0
5455,05768,0.005233922303435001,0
5456,05769,0.004451936604308315,0
5457,05770,0.0030684604683388628,0
5458,05771,3.7777002963146344e-05,0
5459,05772,3.095926511864633e-05,0
5460,05773,0.00198738472143134,0
5461,05774,0.010138442521745006,0
5462,05775,0.012891012290248582,0
5463,05776,0.006032647906129895,0
5464,05777,0.00617038801741554,0
5465,05778,0.0018937824856175567,0
5466,05779,0.003872711269186979,0
5467,05780,0.00870339418404864,0
5468,05781,0.015141089852462208,0
5469,05782,0.014684798010622835,0
5470,05783,0.014000403686580398,0
5471,05784,0.014795616453960214,0
5472,05785,0.014866043727044698,0
5473,05786,0.010175891325661546,0
5474,05787,0.010078090920656813,0
5475,05788,0.007586653823869582,0
5476,05789,0.005051242519320098,0
5477,05790,0.00202865379201711,0
5478,05791,0.0024864299778526444,0
5479,05792,0.0024356822726403493,0
5480,05793,0.004220039045637947,0
5481,05794,0.008300347951471387,0
5482,05795,0.008155088942375599,0
5483,05796,0.009240055801186031,0
5484,05797,0.009342332010646714,0
5485,05798,0.009277637783835502,0
5486,05799,0.008730166307810983,0
5487,05800,0.00894858167149959,0
5488,05801,0.008878373747614354,0
5489,05802,0.009048233727088295,0
5490,05803,0.008813812338433813,0
5491,05804,0.008530009125739646,0
5492,05805,0.008782201431102088,0
5493,05806,0.008620336221291325,0
5494,05807,0.008755325360068511,0
5495,05808,0.009259774627232709,0
5496,05809,0.007453856981225471,0
5497,05810,0.007740571775050498,0
5498,05811,0.008358721590060902,0
5499,05812,0.008600270087261386,0
5500,05813,0.007986286758868921,0
5501,05814,0.00778377966941779,0
5502,05815,0.007177990351509678,0
5503,05816,0.0070762951422063125,0
5504,05817,0.006607811392667529,0
5505,05818,0.006149673699435532,0
5506,05819,0.00682792784720565,0
5507,05820,0.006155114188024946,0
5508,05821,0.00518871188603498,0
5509,05822,0.00518190495214732,0
5510,05823,0.001058277858974499,0
5511,05824,0.0007841372367574095,0
5512,05825,0.0010269680852870167,0
5513,05826,0.001183252329637341,0
5514,05827,0.0005839778221261582,0
5515,05828,0.0019038340588632963,0
5516,05829,0.007359289195552066,0
5517,05830,0.00983086437104852,0
5518,05831,0.012212482779495382,0
5519,05832,0.011824877996510885,0
5520,05833,0.0109233954552872,0
5521,05834,0.010438200100258754,0
5522,05835,0.005541452921139722,0
5523,05836,0.0026691015800635043,0
5524,05837,0.002648766405734193,0
5525,05838,0.003164358661850386,0
5526,05839,0.004657950138053479,0
5527,05840,0.008451121950369789,0
5528,05841,0.011034689391869357,0
5529,05842,0.011043763324702027,0
5530,05843,0.010125416704465984,0
5531,05844,0.005308329615067109,0
5532,05845,0.00019737568078781464,0
5533,05846,0.004934356754697333,0
5534,05847,0.004773657218189342,0
5535,05848,0.007477409566332582,0
5536,05849,0.009733356822906103,0
5537,05850,0.011060314424571338,0
5538,05851,0.011693327853761204,0
5539,05852,0.012533705839279818,0
5540,05853,0.01087831439260789,0
5541,05854,0.009145013084807196,0
5542,05855,0.0077579595545449465,0
5543,05856,0.008853577820347347,0
5544,05857,0.008839185520782777,0
5545,05858,0.011779468134998972,0
5546,05859,0.014617518881735236,0
5547,05860,0.01789945481951616,0
5548,05861,0.015941644346475492,0
5549,05862,0.015789358222396466,0
5550,05863,0.013292280189738825,0
5551,05864,0.011437432527735325,0
5552,05865,0.01141130188591788,0
5553,05866,0.01186634436228573,0
5554,05867,0.011256621549320833,0
5555,05868,0.013431160886876015,0
5556,05869,0.013776023972924989,1
5557,05870,0.014129504634109225,1
5558,05871,0.016411294328444903,1
5559,05872,0.016075256565838636,1
5560,05873,0.014822915464262287,1
5561,05874,0.014555176317180063,1
5562,05875,0.013382916936384603,1
5563,05876,0.013391323204856143,1
5564,05877,0.013889284569291505,1
5565,05878,0.014118977715891212,1
5566,05879,0.014661055782011267,1
5567,05880,0.012612594707884561,1
5568,05881,0.011924024424403434,1
5569,05882,0.01141355293651003,1
5570,05883,0.011479613072188144,1
5571,05884,0.011743108088666077,1
5572,05885,0.011850960844292935,1
5573,05886,0.010431914771023898,1
5574,05887,0.011006733448678752,1
5575,05888,0.009967145453666504,1
5576,05889,0.010497951696087249,1
5577,05890,0.0091493441571604,1
5578,05891,0.011008156425505788,1
5579,05892,0.010831770982825617,1
5580,05893,0.010355762775383859,1
5581,05894,0.010463464662151978,1
5582,05895,0.008953545102071025,1
5583,05896,0.0077153459894150345,1
5584,05897,0.007695636788795035,1
5585,05898,0.005119267141107997,1
5586,05899,0.0038717944597062015,1
5587,05900,0.000346759913922412,1
5588,05901,0.0003194851346410843,1
5589,05902,0.0003440528191660519,0
5590,05903,0.00040417233105483064,0
5591,05904,0.00015522419352631545,0
5592,05905,0.0014712780699825956,0
5593,05906,0.0024412497486556717,0
5594,05907,0.0024523322754426147,0
5595,05908,0.0023656627174517553,0
5596,05909,0.0026141079746331286,0
5597,05910,0.005903484234372591,0
5598,05911,0.008450319813938734,0
5599,05912,0.00856611954549269,0
5600,05913,0.013573266287693286,0
5601,05914,0.019047035906541332,0
5602,05915,0.02277789138056363,0
5603,05916,0.021517938762441347,0
5604,05917,0.020641035683021336,0
5605,05918,0.01946066376456468,0
5606,05919,0.015596412453289688,0
5607,05920,0.01529764676676848,0
5608,05921,0.016015005625630963,0
5609,05922,0.015182421265046209,0
5610,05923,0.015780059550268177,0
5611,05924,0.014865994274847694,0
5612,05925,0.008658567898435443,0
5613,05926,0.005611621549348911,0
5614,05927,0.0057144269673221615,0
5615,05928,0.00018598591998930658,0
5616,05929,0.0001472692217809879,0
5617,05930,0.00010177275550926623,0
5618,05931,0.00011539467951582338,0
5619,05932,0.00013910595580668428,0
5620,05933,7.886794587008694e-05,0
5621,05934,8.145360415046099e-05,0
5622,05935,0.00017173150754778987,0
5623,05936,0.00013546629617255945,0
5624,05937,0.00017911582894214462,0
5625,05938,0.00012466259611620956,0
5626,05939,0.00010922636004728759,0
5627,05940,9.763942199469966e-05,0
5628,05941,0.00013415519490767025,0
5629,05942,0.0001301154711628172,0
5630,05943,0.00015626366164678274,0
5631,05944,0.0001336698118850066,0
5632,05945,0.00013833818677522203,0
5633,05946,0.006668533428741519,0
5634,05947,0.006739260181785944,0
5635,05948,0.011150032868812332,0
5636,05949,0.016630362527123133,0
5637,05950,0.018546733845160368,0
5638,05951,0.019108817116284982,0
5639,05952,0.01900523246431529,0
5640,05953,0.012471128223558559,0
5641,05954,0.01060664342817752,0
5642,05955,0.00968177247720714,0
5643,05956,0.012345467996225601,0
5644,05957,0.012352812043389783,0
5645,05958,0.014291835066861935,0
5646,05959,0.015865746034454453,0
5647,05960,0.021271327243063354,0
5648,05961,0.024420754246701648,0
5649,05962,0.024277960968985823,0
5650,05963,0.02377516940240909,0
5651,05964,0.022578671726584787,0
5652,05965,0.01855810425713411,1
5653,05966,0.01814801002237587,1
5654,05967,0.019115562229475636,1
5655,05968,0.01738691017988714,1
5656,05969,0.017045141233595018,1
5657,05970,0.021238321178623565,1
5658,05971,0.025822592249538978,1
5659,05972,0.025181164971074033,1
5660,05973,0.025628549265028333,1
5661,05974,0.024365165582413972,1
5662,05975,0.020914690211308873,1
5663,05976,0.019992150228349992,1
5664,05977,0.020220656346382704,1
5665,05978,0.017800528084437772,1
5666,05979,0.016326982377026233,1
5667,05980,0.016765455490705072,1
5668,05981,0.01715248763643995,1
5669,05982,0.01662118710594651,1
5670,05983,0.01030921015377384,1
5671,05984,7.16765664270369e-05,1
5672,05985,0.0012762161163930585,1
5673,05986,0.009077678995222271,1
5674,05987,0.009049120118044485,1
5675,05988,0.011331436371981418,1
5676,05989,0.009465786370217444,1
5677,05990,0.004998400297025363,1
5678,05991,0.009273731698171694,1
5679,05992,0.010243179419314963,1
5680,05993,0.012488067025269167,1
5681,05994,0.013161987269535658,1
5682,05995,0.01415308298592155,1
5683,05996,0.012389638986412876,1
5684,05997,0.013979738617337034,1
5685,05998,0.012116952988317387,1
5686,05999,0.011473003515675373,1
5687,06000,0.0008064309673931902,1
5688,06001,0.0006917359857823158,1
5689,06002,3.81978726391452e-05,1
5690,06003,9.958958559952436e-05,1
5691,06004,0.0032520630987367127,1
5692,06005,3.691481046708134e-05,0
5693,06006,6.634803936123035e-05,0
5694,06007,9.849713099452373e-05,0
5695,06008,0.00014858456747735005,0
5696,06009,8.795395689187302e-05,0
5697,06010,7.596744150717427e-05,0
5698,06011,7.645466711547755e-05,0
5699,06012,4.8978364418417186e-05,0
5700,06013,0.005993761584811352,0
5701,06014,0.0023970255878511537,0
5702,06015,0.009563475318101311,0
5703,06016,0.009383547546896409,0
5704,06017,0.011849063137490567,0
5705,06018,0.012984655854294758,0
5706,06019,0.013568953860641386,0
5707,06020,0.013058730510334904,0
5708,06021,0.01350219007813358,0
5709,06022,0.013069526685248078,0
5710,06023,0.01345719167407644,0
5711,06024,0.013929764628601404,0
5712,06025,0.013711459361300804,0
5713,06026,0.013910796933215508,0
5714,06027,0.013609519410327842,0
5715,06028,0.01414651769181674,0
5716,06029,0.013438786893131827,0
5717,06030,0.013312950930231437,0
5718,06031,0.013965875181818355,0
5719,06032,0.012754905691476637,0
5720,06033,0.014174355450672138,0
5721,06034,0.012257298447839737,0
5722,06035,0.012083664681098227,0
5723,06036,0.011310867317112283,0
5724,06037,0.013223505377800038,0
5725,06038,0.001395689920761889,0
5726,06039,0.000412501573605617,0
5727,06040,0.01442834544238547,1
5728,06041,0.014567697713210315,1
5729,06042,0.017590738142383877,1
5730,06043,0.013053465437294243,1
5731,06044,0.013699893446220912,1
5732,06045,0.013676132271204011,1
5733,06046,0.014074227586605481,1
5734,06047,0.014832490144319976,1
5735,06048,0.013610865890230528,1
5736,06049,0.014220603478579896,1
5737,06050,0.015915912829892243,1
5738,06051,0.015110298710163228,1
5739,06052,0.014416642096871435,1
5740,06053,0.013416732543964471,1
5741,06054,0.015175891624662263,1
5742,06055,0.013589988008296139,1
5743,06056,0.014127983482570272,1
5744,06057,0.013771049428117799,1
5745,06058,0.013372521306131091,1
5746,06059,0.00723925687774063,1
5747,06060,0.006452686424374576,1
5748,06061,0.006523389208699548,1
5749,06062,0.007455724712855272,1
5750,06063,0.007319663889700401,1
5751,06064,0.007591192119168255,1
5752,06065,0.007338604167793861,1
5753,06066,0.007291966908896441,1
5754,06067,0.00802561787069589,1
5755,06068,0.00953720946999681,1
5756,06069,0.011449884084340667,1
5757,06070,0.006767411535241408,1
5758,06071,0.006794666097817981,1
5759,06072,0.004262522212225228,1
5760,06073,0.004974775212738258,1
5761,06074,0.005224176777675282,1
5762,06075,0.007952820067846034,0
5763,06076,0.007985833967677713,0
5764,06077,0.0069302389295398115,0
5765,06078,0.007304295518980375,0
5766,06079,0.006789541118462417,0
5767,06080,0.0035486024120574555,0
5768,06081,0.0027929505579580294,0
5769,06082,0.0023913938499102727,0
5770,06083,0.002794120028736913,0
5771,06084,0.004838312343711237,0
5772,06085,0.007598143792845846,0
5773,06086,0.0071407321117344935,0
5774,06087,0.00833169105976772,0
5775,06088,0.00849794558620598,0
5776,06089,0.009036826936632991,0
5777,06090,0.010781534085217537,0
5778,06091,0.010769569942778112,0
5779,06092,0.00984642472877617,0
5780,06093,0.010348920061757916,0
5781,06094,0.010267720558053028,0
5782,06095,0.009061221990035229,0
5783,06096,0.009249835646639504,0
5784,06097,0.009813326867470273,0
5785,06098,0.010057896560671686,0
5786,06099,0.009877362869242567,0
5787,06100,0.006935182059579326,0
5788,06101,0.007085594018994001,0
5789,06102,0.006879218239456364,0
5790,06103,0.006226700246662276,0
5791,06104,0.006311742832894929,0
5792,06105,0.007046003358293973,0
5793,06106,0.007025139245754097,0
5794,06107,0.006349745405951346,0
5795,06108,0.006221411263587662,0
5796,06109,0.006788586836385058,0
5797,06110,0.006886981243246382,0
5798,06111,0.006402175909319574,0
5799,06112,0.0067028422648443,0
5800,06113,0.006995280635326395,0
5801,06114,0.00715115276810252,0
5802,06115,0.007904252319882232,0
5803,06116,0.008120914542042001,0
5804,06117,0.00852490245685722,0
5805,06118,0.00880921415261593,0
5806,06119,0.00797248219673996,0
5807,06120,0.009045633515302853,0
5808,06121,0.009029945545965923,0
5809,06122,0.006639915868683843,0
5810,06123,0.0052329836527373885,0
5811,06124,0.0029376784254253607,0
5812,06125,8.935695732947835e-05,0
5813,06126,8.642684909698772e-05,0
5814,06127,0.00013646326050320567,0
5815,06128,0.0001474501635296832,0
5816,06129,0.00013547235940514213,0
5817,06130,0.00481179754724792,0
5818,06131,0.004781774900469493,0
5819,06132,0.007048731922786544,0
5820,06133,0.008498685291609576,0
5821,06134,0.011368255124003745,0
5822,06135,0.006402218147698591,0
5823,06136,0.006838084324430227,0
5824,06137,0.006247672676757965,0
5825,06138,0.004198376520797353,0
5826,06139,0.003961988808221406,0
5827,06140,0.0006753504859631221,0
5828,06141,0.0006391467835831222,0
5829,06142,0.0012765810933892396,0
5830,06143,0.0025943303091384706,0
5831,06144,0.002525271531829354,0
5832,06145,0.004980596947067539,0
5833,06146,0.004931275108072342,0
5834,06147,0.0062722286393039894,0
5835,06148,0.007613032165089351,0
5836,06149,0.008783026454299403,0
5837,06150,0.010556604019305915,0
5838,06151,0.010856761549521643,0
5839,06152,0.011742910308154109,0
5840,06153,0.007040946512065105,0
5841,06154,2.85660676029309e-05,0
5842,06155,1.2518740887479396e-05,0
5843,06156,3.0036388892540344e-05,0
5844,06157,0.003819103810949187,0
5845,06158,0.0072906115724213905,0
5846,06159,0.006017867178639058,0
5847,06160,8.462842263945447e-05,0
5848,06161,0.00010280207765411831,0
5849,06162,2.7085189040043645e-05,0
5850,06163,0.0002896764683724129,0
5851,06164,0.003869447732602893,0
5852,06165,0.005780546374744233,0
5853,06166,0.005898685110392599,0
5854,06167,0.0044608930566383265,0
5855,06168,0.0001114074240469165,0
5856,06169,0.0002162728219037291,0
5857,06170,0.004467760924107722,0
5858,06171,0.004220757826205457,0
5859,06172,0.004377096139540626,0
5860,06173,0.0036662272119798445,0
5861,06174,5.516971898344991e-05,0
5862,06175,5.266343079313174e-05,0
5863,06176,3.554195996002818e-05,0
5864,06177,3.178798282643669e-05,0
5865,06178,1.1879011849735832e-05,0
5866,06179,3.798868682380885e-05,0
5867,06180,7.854100723392321e-05,0
5868,06181,0.00010732459443563158,0
5869,06182,0.00011052888803853023,0
5870,06183,0.0001153287767401423,0
5871,06184,0.00010636967801502806,0
5872,06185,6.720728317421987e-05,0
5873,06186,4.1588942479187097e-05,0
5874,06187,3.647456757960299e-05,0
5875,06188,3.6053773821542734e-05,0
5876,06189,5.9131331545891896e-05,0
5877,06190,4.453143307880936e-05,0
5878,06191,5.969051611032228e-05,0
5879,06192,3.400842058010056e-05,0
5880,06193,4.731198548224569e-05,0
5881,06194,0.00013042715101541091,0
5882,06195,9.398195466037151e-05,0
5883,06196,6.330680700727953e-05,0
5884,06197,4.460289839869347e-05,0
5885,06198,6.790999721317803e-05,0
5886,06199,7.275783487425969e-05,0
5887,06200,0.00013644996045059088,0
5888,06201,0.00010321754419173601,0
5889,06202,0.0026901721327483585,0
5890,06203,0.008191736983513387,0
5891,06204,0.00866489747362742,0
5892,06205,0.006257248133411331,0
5893,06206,0.006447060942541327,0
5894,06207,0.007666913662302655,0
5895,06208,0.00959118255859348,0
5896,06209,0.010703811996562784,0
5897,06210,0.010585905081019753,0
5898,06211,0.010564116345562091,0
5899,06212,0.01096088873009382,0
5900,06213,0.01102709141849445,0
5901,06214,0.010998509227480469,0
5902,06215,0.010813743009729038,0
5903,06216,0.010620919272223084,0
5904,06217,0.011049951341814968,0
5905,06218,0.01051045087426239,0
5906,06219,0.009698996623316525,0
5907,06220,0.008491528783463487,0
5908,06221,0.009043748941983232,0
5909,06222,0.009070130154228195,0
5910,06223,0.008369933194235735,0
5911,06224,0.009056491298021108,0
5912,06225,0.009703370558492352,0
5913,06226,0.009788834108037214,0
5914,06227,0.011184536418175739,0
5915,06228,0.012690216260021536,0
5916,06229,0.014612802627537391,0
5917,06230,0.01516339427418778,0
5918,06231,0.015451727097921086,0
5919,06232,0.01564671725885347,1
5920,06233,0.015686097538819332,1
5921,06234,0.014613628294232406,1
5922,06235,0.013233696403701423,1
5923,06236,0.013793586070178776,1
5924,06237,0.013593133001482016,1
5925,06238,0.014458846788491186,1
5926,06239,0.01546504531754156,1
5927,06240,0.014206964834977853,1
5928,06241,0.01468532439155279,1
5929,06242,0.01421619397213636,1
5930,06243,0.01366099915109853,1
5931,06244,0.013081582491663468,1
5932,06245,0.008266236753357248,1
5933,06246,0.008140952128648848,1
5934,06247,0.0022356797915374926,1
5935,06248,0.0001733757358097776,1
5936,06249,0.00012502583169382575,1
5937,06250,0.007883379965761605,1
5938,06251,0.008028863769639294,1
5939,06252,0.010948555199002286,1
5940,06253,0.012233846073706367,1
5941,06254,0.013451785119662496,1
5942,06255,0.014566266407085138,1
5943,06256,0.01387608142371377,1
5944,06257,0.013463838688305252,1
5945,06258,0.013383173919374158,1
5946,06259,0.012779693438332629,1
5947,06260,0.01281218765091463,1
5948,06261,0.012403913291933577,1
5949,06262,0.012427880397881452,1
5950,06263,0.012651874283571729,1
5951,06264,0.011337507495658095,1
5952,06265,0.0069106064347908,1
5953,06266,0.00607410097873462,1
5954,06267,0.00028165852651529377,1
5955,06268,0.00012630203594099498,0
5956,06269,0.00015638717987886963,0
5957,06270,0.00015111143945478744,0
5958,06271,0.004064767903987132,0
5959,06272,0.008047258867914131,0
5960,06273,0.011580803206614476,0
5961,06274,0.013400115159858395,0
5962,06275,0.013587390495652052,0
5963,06276,0.013934327265578084,0
5964,06277,0.013465947330566053,0
5965,06278,0.012640526105735184,0
5966,06279,0.009561815894473469,0
5967,06280,0.009543685762089638,0
5968,06281,0.007820545748028707,0
5969,06282,0.0031539047592676894,0
5970,06283,0.004429503274522517,0
5971,06284,0.0069574481942593636,0
5972,06285,0.007183615048951708,0
5973,06286,0.008752397398700928,0
5974,06287,0.01028366075248588,0
5975,06288,0.012811569897904995,0
5976,06289,0.015345773555487163,0
5977,06290,0.015320364487473093,0
5978,06291,0.017951053875538747,0
5979,06292,0.019165651333621803,0
5980,06293,0.020049719478524963,0
5981,06294,0.01865030771896503,0
5982,06295,0.018702611170262173,0
5983,06296,0.018618061223067528,1
5984,06297,0.01527599563111437,1
5985,06298,0.014216394099747731,1
5986,06299,0.012556207684732534,1
5987,06300,0.012069776799291887,1
5988,06301,0.011802706938905061,1
5989,06302,0.012255625703259554,1
5990,06303,0.011614672597922038,1
5991,06304,0.011649458352675168,1
5992,06305,0.011184885240738573,1
5993,06306,0.01150101901098921,1
5994,06307,0.011910056934356206,1
5995,06308,0.013022869091371625,1
5996,06309,0.015421035751610468,1
5997,06310,0.015563502296291887,1
5998,06311,0.015046780120855807,1
5999,06312,0.013336610300735963,1
6000,06313,0.009805444502717364,1
6001,06314,4.689010672276339e-05,1
6002,06315,4.215532905060826e-05,1
6003,06316,3.660407237937591e-05,1
6004,06317,0.00010384189560941337,1
6005,06318,0.011453675679035769,1
6006,06319,0.008547428065017293,1
6007,06320,0.008316465312084631,1
6008,06321,0.0001403936038810727,1
6009,06322,8.2099088996479e-05,1
6010,06323,0.0005860194100426597,0
6011,06324,0.0025880475812796178,0
6012,06325,0.0025092892960811852,0
6013,06326,0.008243039853195633,0
6014,06327,0.00815898717492658,0
6015,06328,0.008127017049311291,0
6016,06329,0.007000481468505626,0
6017,06330,0.007048746564114694,0
6018,06331,0.005852985052913873,0
6019,06332,0.00495639930341607,0
6020,06333,0.0065515433924030475,0
6021,06334,0.009040568923684766,0
6022,06335,0.009897118900573432,0
6023,06336,0.009517156813256378,0
6024,06337,0.01170353024239823,0
6025,06338,0.011311774632355664,0
6026,06339,0.010843244054994372,0
6027,06340,0.009893566097380457,0
6028,06341,0.004074333752398296,0
6029,06342,0.00010016022699943505,0
6030,06343,8.828422329454355e-05,0
6031,06344,0.004981586307307495,0
6032,06345,0.004813345673955638,0
6033,06346,0.006604941076092885,0
6034,06347,0.005112813821496864,0
6035,06348,0.003993226192622323,0
6036,06349,4.752094442572741e-05,0
6037,06350,5.026299031829495e-05,0
6038,06351,7.304409060893136e-05,0
6039,06352,0.002969452227308267,0
6040,06353,0.004990373415080462,0
6041,06354,0.002605635499445036,0
6042,06355,0.0028888383710530263,0
6043,06356,3.4256599848347946e-05,0
6044,06357,7.494200768931591e-05,0
6045,06358,9.296119212187648e-05,0
6046,06359,0.003707058172480515,0
6047,06360,0.003654434076819868,0
6048,06361,0.002967212492723803,0
6049,06362,6.318634512503252e-05,0
6050,06363,4.429858800580888e-05,0
6051,06364,4.2916512317248134e-05,0
6052,06365,3.8379146226397154e-05,0
6053,06366,3.5988610392223563e-05,0
6054,06367,4.438998646172365e-05,0
6055,06368,6.490265490288749e-05,0
6056,06369,9.514344917516127e-05,0
6057,06370,0.00013479684091599609,0
6058,06371,0.00017094038707465842,0
6059,06372,0.0048807598082261094,0
6060,06373,0.0074543178552275435,0
6061,06374,0.0011604032614096482,0
6062,06375,0.001105301115084778,0
6063,06376,7.256191720905747e-05,0
6064,06377,3.5414915413589654e-05,0
6065,06378,5.6285275182865746e-05,0
6066,06379,0.011377011499232204,0
6067,06380,0.011024435896912266,0
6068,06381,0.014417220256371266,0
6069,06382,0.01864455832626266,0
6070,06383,0.017722871574941124,0
6071,06384,0.011579862867391988,0
6072,06385,0.012815159023114475,0
6073,06386,0.010269530588219666,0
6074,06387,0.009635383725558277,0
6075,06388,0.009551245216325555,0
6076,06389,0.010369894498503562,0
6077,06390,0.010396840549770303,0
6078,06391,0.010567604030496724,0
6079,06392,0.00996131297174152,0
6080,06393,0.011727827410629388,0
6081,06394,0.014282864689400654,0
6082,06395,0.015091873556772661,0
6083,06396,0.016323757352609825,0
6084,06397,0.01550297428840608,0
6085,06398,0.017879758288869674,0
6086,06399,0.016887266214963503,0
6087,06400,0.017122436763055582,0
6088,06401,0.01482853365588177,1
6089,06402,0.016681956059814596,1
6090,06403,0.016450001804328984,1
6091,06404,0.01587596933013824,1
6092,06405,0.015871751389188837,1
6093,06406,0.015936732000796816,1
6094,06407,0.014737661601653684,1
6095,06408,0.0163042275861649,1
6096,06409,0.012793164341156071,1
6097,06410,0.013006983537356298,1
6098,06411,0.013140753807705963,1
6099,06412,0.013766541532248766,1
6100,06413,0.013880316817929561,1
6101,06414,0.01355180129338418,1
6102,06415,0.012642788115184267,1
6103,06416,0.012159599047121716,1
6104,06417,0.009506572359885723,1
6105,06418,0.009357217008464147,1
6106,06419,0.011064368116018741,1
6107,06420,0.010771822990349733,1
6108,06421,0.012575137323401542,1
6109,06422,0.013327138448782527,1
6110,06423,0.012115718429045685,1
6111,06424,0.011249425748352415,1
6112,06425,0.011673053053086413,1
6113,06426,0.009958933584446328,1
6114,06427,0.008620424631820889,1
6115,06428,0.009326043704691145,1
6116,06429,0.011118998576027828,1
6117,06430,0.011067216302049765,1
6118,06431,0.008656696952203724,1
6119,06432,0.006297423151021775,1
6120,06433,0.006457645789809341,1
6121,06434,0.01219127173883372,1
6122,06435,0.012370400547155214,1
6123,06436,0.014673051294132655,1
6124,06437,0.01716497640816428,1
6125,06438,0.017110100826251085,1
6126,06439,0.013025382624626047,1
6127,06440,0.012120599482110528,1
6128,06441,0.010826032076638015,1
6129,06442,0.00912739368699711,1
6130,06443,0.008368927968398054,1
6131,06444,0.00992575934684048,1
6132,06445,0.009766638492125779,1
6133,06446,0.010324255790487236,1
6134,06447,0.00989752007794209,1
6135,06448,0.010781267533250372,1
6136,06449,0.011250830264069478,1
6137,06450,0.01117314937462588,1
6138,06451,0.012052698244683135,1
6139,06452,0.012287516240533591,1
6140,06453,0.0001155621622928038,1
6141,06454,6.879397858838843e-05,0
6142,06455,7.721201601906813e-05,0
6143,06456,6.239560167298208e-05,0
6144,06457,2.9018627791366214e-05,0
6145,06458,8.165886830102664e-05,0
6146,06459,3.558210171128451e-05,0
6147,06460,5.536320279286855e-05,0
6148,06461,2.1268265435914202e-05,0
6149,06462,0.004450431506475283,0
6150,06463,0.008576580040185355,0
6151,06464,0.014168616758916563,0
6152,06465,0.014378646944409823,0
6153,06466,0.01718451990536085,0
6154,06467,0.019291792930490992,0
6155,06468,0.021052061694669,0
6156,06469,0.021766023479516505,0
6157,06470,0.02178610972099282,0
6158,06471,0.02288796151353445,0
6159,06472,0.024630862263649078,0
6160,06473,0.02298791848464532,1
6161,06474,0.021570597226432398,1
6162,06475,0.021588726885921616,1
6163,06476,0.021668003167839345,1
6164,06477,0.0198915770219239,1
6165,06478,0.018048125490304656,1
6166,06479,0.009393047291966106,1
6167,06480,0.008912914148035078,1
6168,06481,0.004045789385865639,1
6169,06482,0.0012355187168369142,1
6170,06483,0.0021990818558697,1
6171,06484,0.006774122518952375,1
6172,06485,0.006663568674518672,1
6173,06486,0.012302727880176612,1
6174,06487,0.008596494256662979,1
6175,06488,0.008493357635100729,1
6176,06489,0.009871788008926075,1
6177,06490,0.010144719174144612,1
6178,06491,0.008498235484435845,1
6179,06492,0.008425330323344582,1
6180,06493,0.00868291625478701,1
6181,06494,0.010116232441351514,1
6182,06495,0.01036640696214075,1
6183,06496,0.010579191459685333,1
6184,06497,0.003927933869422695,1
6185,06498,0.0006353804051322243,1
6186,06499,0.0023957189177492566,1
6187,06500,0.0009473529750900767,1
6188,06501,0.008288043141106982,1
6189,06502,0.002950069335145855,0
6190,06503,5.535481393081909e-05,0
6191,06504,0.00011401331684979255,0
6192,06505,0.00011507740213456685,0
6193,06506,0.002938224674744916,0
6194,06507,0.006798773379594003,0
6195,06508,0.005592679792377098,0
6196,06509,0.003999296600403213,0
6197,06510,0.0035822143140160634,0
6198,06511,0.0002637835550576284,0
6199,06512,0.0003199054721561012,0
6200,06513,0.00029679994938280885,0
6201,06514,0.005310065121395979,0
6202,06515,0.005467035797180664,0
6203,06516,0.005763473983847689,0
6204,06517,0.006570477389492346,0
6205,06518,0.006192165561566654,0
6206,06519,0.008582682631059768,0
6207,06520,0.00852607295288621,0
6208,06521,0.008009226838794348,0
6209,06522,0.008760137578769367,0
6210,06523,0.01027820273845137,0
6211,06524,0.010800523318341249,0
6212,06525,0.010571972843524513,0
6213,06526,0.0002672512366137525,0
6214,06527,6.824424954476882e-05,0
6215,06528,0.002929212823978844,0
6216,06529,0.0056461099266886805,0
6217,06530,0.0054079676569402935,0
6218,06531,0.005773602580433135,0
6219,06532,4.398079430956159e-05,0
6220,06533,0.00011758554999641291,0
6221,06534,0.00012090224991379017,0
6222,06535,0.0037716279233155348,0
6223,06536,0.0065060989150307336,0
6224,06537,0.00499319388089603,0
6225,06538,0.007251294421311449,0
6226,06539,0.007419750535703429,0
6227,06540,0.007400888660760607,0
6228,06541,0.006921314647993171,0
6229,06542,0.002214475987706521,0
6230,06543,0.0019639913370594897,0
6231,06544,0.0006087485318779784,0
6232,06545,0.0025685600987168655,0
6233,06546,0.005823604719321196,0
6234,06547,0.001283871071696474,0
6235,06548,5.7146165984178765e-05,0
6236,06549,6.351818984740021e-05,0
6237,06550,6.562216868921666e-05,0
6238,06551,0.0010093270422464329,0
6239,06552,0.004164840159160299,0
6240,06553,0.004571867277200603,0
6241,06554,0.004971600185074365,0
6242,06555,0.008496250998518917,0
6243,06556,0.007601572059154016,0
6244,06557,0.008661074085751785,0
6245,06558,0.010544847546815284,0
6246,06559,0.010307443928176951,0
6247,06560,0.010507166378141086,0
6248,06561,0.010766086516307283,0
6249,06562,0.009997179408200552,0
6250,06563,0.00907080928694981,0
6251,06564,0.008887132870932568,0
6252,06565,0.009502496494413037,0
6253,06566,0.009913799012053914,0
6254,06567,0.01021524414333097,0
6255,06568,0.010621600701611555,0
6256,06569,0.010426956792551678,0
6257,06570,0.01094291221365662,0
6258,06571,0.012414709609553043,0
6259,06572,0.012383421451683141,0
6260,06573,0.012038811981246234,0
6261,06574,0.012278029819406733,0
6262,06575,0.009172342235423514,0
6263,06576,0.0026347482686350787,0
6264,06577,8.24372730345857e-05,0
6265,06578,8.692540960453243e-05,0
6266,06579,8.525682269766577e-05,0
6267,06580,0.003968222772216201,0
6268,06581,0.005590616066686316,0
6269,06582,0.007165262468336486,0
6270,06583,0.007413594178939498,0
6271,06584,0.007374373511408905,0
6272,06585,0.006466843356959906,0
6273,06586,0.005657239474191833,0
6274,06587,0.0025921590501036817,0
6275,06588,0.0018318103146066633,0
6276,06589,0.0009482269115066444,0
6277,06590,0.0013233364602056596,0
6278,06591,0.002085171833623889,0
6279,06592,0.003726198546038617,0
6280,06593,0.006328687431533808,0
6281,06594,0.006691614081090869,0
6282,06595,0.007612569699366745,0
6283,06596,0.009206024434221582,0
6284,06597,0.0121112508121346,0
6285,06598,0.013108993584793005,0
6286,06599,0.013385840071775235,0
6287,06600,0.013635085714558848,0
6288,06601,0.013676107189579234,0
6289,06602,0.014749476260145222,0
6290,06603,0.015501618552780982,0
6291,06604,0.014843208614959025,0
6292,06605,0.014279615973597615,0
6293,06606,0.01508378117240472,0
6294,06607,0.014852445912804768,0
6295,06608,0.014922539700382487,0
6296,06609,0.015083124566155348,0
6297,06610,0.013425672129647737,0
6298,06611,0.009209736830166015,0
6299,06612,0.0015610634558855807,0
6300,06613,7.683180105821918e-05,0
6301,06614,7.834961206931723e-05,0
6302,06615,0.00012493985548900355,0
6303,06616,0.000141655477956526,0
6304,06617,0.006276696186181319,0
6305,06618,0.006961149412257228,0
6306,06619,0.007532410854940608,0
6307,06620,0.008434869478428197,0
6308,06621,0.009875876513155468,0
6309,06622,0.010865766707944147,0
6310,06623,0.011671907197571052,0
6311,06624,0.01177716414331087,0
6312,06625,0.012157697249920218,0
6313,06626,0.011024139802465527,0
6314,06627,0.0057085136569901,0
6315,06628,0.0015578725190499298,0
6316,06629,0.00028937242360882465,0
6317,06630,7.12671777236551e-05,0
6318,06631,9.777660551968381e-05,0
6319,06632,0.007214911128717638,0
6320,06633,0.007004380989846126,0
6321,06634,0.007153667847283884,0
6322,06635,0.00838356941900198,0
6323,06636,0.008776567192671614,0
6324,06637,0.008121981922856847,0
6325,06638,0.008000287768651582,0
6326,06639,0.008050275629279291,0
6327,06640,0.008286491848227051,0
6328,06641,0.010318728343943206,0
6329,06642,0.002244398677723858,0
6330,06643,0.0001800416744668354,0
6331,06644,0.00022008914675364366,0
6332,06645,5.749185615400165e-05,0
6333,06646,0.0004788111379605553,0
6334,06647,0.003696375711615296,0
6335,06648,0.005053159244515548,0
6336,06649,0.005059132704429814,0
6337,06650,0.006815755455670036,0
6338,06651,0.009302419762823533,0
6339,06652,0.009900901184393796,0
6340,06653,0.011472180036609991,0
6341,06654,0.011266685416846833,0
6342,06655,0.011333018942213613,0
6343,06656,0.011953204464402845,0
6344,06657,0.01279707515044226,0
6345,06658,0.01183217288338323,0
6346,06659,0.011673473881947949,0
6347,06660,0.009863869058934327,0
6348,06661,0.009329843968475693,0
6349,06662,0.007351451997218206,0
6350,06663,0.007158875509462703,0
6351,06664,0.007201814895659631,0
6352,06665,0.005983419143618107,0
6353,06666,0.005451625137746774,0
6354,06667,0.0049869746530211145,0
6355,06668,0.008763045117932577,0
6356,06669,0.008618133126380378,0
6357,06670,0.011613333585540175,0
6358,06671,0.013108836989938588,0
6359,06672,0.016620847889765145,0
6360,06673,0.01990254983980133,0
6361,06674,0.01787210909961079,0
6362,06675,0.018965435009827836,0
6363,06676,0.018876224741767977,1
6364,06677,0.01809456562576539,1
6365,06678,0.015838024294551722,1
6366,06679,0.017058030609045538,1
6367,06680,0.016991118419049656,1
6368,06681,0.016810829320009546,1
6369,06682,0.015567625182760558,1
6370,06683,0.014926364186282903,1
6371,06684,0.01631913354793646,1
6372,06685,0.014464684325619537,1
6373,06686,0.009294135631380485,1
6374,06687,0.005920885662973774,1
6375,06688,0.006392258229547032,1
6376,06689,0.006483303497529569,1
6377,06690,0.008338263631550547,1
6378,06691,0.006512131098460827,1
6379,06692,0.0017215438980562325,1
6380,06693,0.002328486408454289,1
6381,06694,0.0019474320745089813,1
6382,06695,0.0019421873421050506,1
6383,06696,0.0067603177818185145,1
6384,06697,0.00012069097355116298,1
6385,06698,9.730365729332391e-05,1
6386,06699,7.569072282453959e-05,1
6387,06700,0.00012711360405948113,0
6388,06701,6.463923602328947e-05,0
6389,06702,0.000492958584922043,0
6390,06703,0.003699202201201679,0
6391,06704,0.0039211326529065005,0
6392,06705,0.005454596637153308,0
6393,06706,0.0054648174669678085,0
6394,06707,0.005199757448385078,0
6395,06708,0.00531454569159262,0
6396,06709,0.005265941254635642,0
6397,06710,0.0056298681591533395,0
6398,06711,0.006662534140223109,0
6399,06712,0.008434404454113142,0
6400,06713,0.009492988838672112,0
6401,06714,0.009033254528358015,0
6402,06715,0.010649053776560002,0
6403,06716,0.011744071043126247,0
6404,06717,0.012637551921686807,0
6405,06718,0.008389758355827226,0
6406,06719,0.008486340121740099,0
6407,06720,0.00872066576477426,0
6408,06721,0.009205358994822888,0
6409,06722,0.009896300797668012,0
6410,06723,0.011733197149320418,0
6411,06724,0.011451002980082947,0
6412,06725,0.006541631035918094,0
6413,06726,0.00012798173286387993,0
6414,06727,0.00016312909936111453,0
6415,06728,0.0002324754193434586,0
6416,06729,0.0002204234160769758,0
6417,06730,0.002477815275895523,0
6418,06731,0.0035256152639959737,0
6419,06732,0.001443331206749221,0
6420,06733,0.002466734105945001,0
6421,06734,0.0017327010295593581,0
6422,06735,0.003016504531671238,0
6423,06736,0.0017536045584112259,0
6424,06737,0.00013642848999229074,0
6425,06738,0.00023807844612466766,0
6426,06739,0.00022012701535789603,0
6427,06740,0.0003797984175637481,0
6428,06741,0.0064016926419947495,0
6429,06742,0.011028988728116751,0
6430,06743,0.013676558367723857,0
6431,06744,0.0137205597935397,0
6432,06745,0.01500335991440771,0
6433,06746,0.013031292715643517,0
6434,06747,0.011040620508159016,0
6435,06748,0.010272654134892534,0
6436,06749,0.009506310398933238,0
6437,06750,0.00786134935018179,0
6438,06751,0.008320288345672111,0
6439,06752,0.007074888278515878,0
6440,06753,0.008410033124733651,0
6441,06754,0.009087692842328465,0
6442,06755,0.010966328508767553,0
6443,06756,0.013616688792780884,0
6444,06757,0.01977950654380578,0
6445,06758,0.020274543715258275,0
6446,06759,0.01975579584843601,0
6447,06760,0.023425019517910428,0
6448,06761,0.02540755228211289,0
6449,06762,0.026186226452780126,1
6450,06763,0.025025758033097922,1
6451,06764,0.024873252074717023,1
6452,06765,0.021342106011736917,1
6453,06766,0.020618885802320186,1
6454,06767,0.015473588709744135,1
6455,06768,0.014640878609457175,1
6456,06769,0.015114928721645882,1
6457,06770,0.015449127934529905,1
6458,06771,0.016676364204394112,1
6459,06772,0.015011509318886063,1
6460,06773,0.01440403592030659,1
6461,06774,0.014700426939190159,1
6462,06775,0.014424061947437394,1
6463,06776,0.01599892634136424,1
6464,06777,0.014779803658728774,1
6465,06778,0.015922152718600202,1
6466,06779,0.01603145951439977,1
6467,06780,0.014263768475633931,1
6468,06781,0.014302522710007537,1
6469,06782,0.01776228415979464,1
6470,06783,0.019618842148788396,1
6471,06784,0.019561675999661965,1
6472,06785,0.018672136883658652,1
6473,06786,0.019087192994503788,1
6474,06787,0.015729468589406714,1
6475,06788,0.01411351197797206,1
6476,06789,0.014035568822604816,1
6477,06790,0.009936133561162741,1
6478,06791,0.0018588843366860175,1
6479,06792,0.0025106215802370713,1
6480,06793,0.007817851272148957,1
6481,06794,0.007021416307741113,1
6482,06795,0.007075378924443321,1
6483,06796,0.010630328675849121,1
6484,06797,0.010908752360938578,1
6485,06798,0.010774192001810512,1
6486,06799,0.009967227647645238,1
6487,06800,0.007298333702338233,1
6488,06801,0.0026472300534203796,1
6489,06802,0.00016998811201496267,1
6490,06803,0.000160492884102581,1
6491,06804,0.00021309315640039017,1
6492,06805,0.004959498539918172,1
6493,06806,0.011832725230081387,1
6494,06807,0.004439616280452974,0
6495,06808,0.004491512172622336,0
6496,06809,8.84331321593379e-05,0
6497,06810,0.00010017958938401961,0
6498,06811,0.003189843607452225,0
6499,06812,0.0028263064344224986,0
6500,06813,0.0029665761056003603,0
6501,06814,0.0001349930552070333,0
6502,06815,0.00010009931526422378,0
6503,06816,0.0028976697067513157,0
6504,06817,0.006581319447557021,0
6505,06818,0.0060630614863974586,0
6506,06819,0.006315526637370894,0
6507,06820,0.0039861913778436175,0
6508,06821,0.0006503156951422895,0
6509,06822,0.003869227138092235,0
6510,06823,0.004015618436790547,0
6511,06824,0.006979892347689365,0
6512,06825,0.008401427575749132,0
6513,06826,0.009095106169656475,0
6514,06827,0.012196086885526647,0
6515,06828,0.01200111327135911,0
6516,06829,0.012447417674493977,0
6517,06830,0.01281883253966587,0
6518,06831,0.012963286452008838,0
6519,06832,0.010862512119959256,0
6520,06833,0.010940107728496073,0
6521,06834,0.01153080845640897,0
6522,06835,0.011418481317752693,0
6523,06836,0.01080158312037316,0
6524,06837,0.00868434371584037,0
6525,06838,0.008665384609497728,0
6526,06839,0.007811647535439725,0
6527,06840,0.007909230135354939,0
6528,06841,0.007828700085798168,0
6529,06842,0.008236977891138864,0
6530,06843,0.008870585372198647,0
6531,06844,0.006701422489518549,0
6532,06845,0.006419821339052945,0
6533,06846,0.008600130641965187,0
6534,06847,0.007539210058669532,0
6535,06848,0.007502622679753657,0
6536,06849,0.007198284320888426,0
6537,06850,0.008456060047917546,0
6538,06851,0.008177894710377664,0
6539,06852,0.00805945907936767,0
6540,06853,0.00828586356804717,0
6541,06854,0.008025969357883689,0
6542,06855,0.008894609753257399,0
6543,06856,0.00962539585387212,0
6544,06857,0.009883879591814804,0
6545,06858,0.009827767793475495,0
6546,06859,0.01096408869414045,0
6547,06860,0.010865122056069154,0
6548,06861,0.014809137503367431,0
6549,06862,0.016744136192422765,0
6550,06863,0.016839875237391055,0
6551,06864,0.017070348501224686,0
6552,06865,0.016369083192041778,0
6553,06866,0.013850650582627466,0
6554,06867,0.013471586755557041,0
6555,06868,0.012492135777625535,0
6556,06869,0.01629226615417778,1
6557,06870,0.016326633247015998,1
6558,06871,0.016442928547466984,1
6559,06872,0.01593072167881271,1
6560,06873,0.015878001921062257,1
6561,06874,0.01575022388186209,1
6562,06875,0.014917581906332522,1
6563,06876,0.013930674265810516,1
6564,06877,0.010002087298434326,1
6565,06878,0.010193511368042252,1
6566,06879,0.007766438123445241,1
6567,06880,0.00044831831236802344,1
6568,06881,0.00012447809778048935,1
6569,06882,0.0001452351603985491,1
6570,06883,0.00011471608231694574,1
6571,06884,0.00014622695757626758,1
6572,06885,0.0023826589192141867,1
6573,06886,0.005986691086176776,1
6574,06887,0.006312937335649416,1
6575,06888,0.006458079654853677,1
6576,06889,0.005301532350601157,1
6577,06890,0.008295895622512539,1
6578,06891,0.0007349713925410839,0
6579,06892,0.006647301508150072,0
6580,06893,0.006861479730867259,0
6581,06894,0.007967936293942657,0
6582,06895,0.009228295763991312,0
6583,06896,0.008614382892333516,0
6584,06897,0.007973250645830987,0
6585,06898,0.00787083521768217,0
6586,06899,0.009256649553400997,0
6587,06900,0.009747096478347927,0
6588,06901,0.009870820263145674,0
6589,06902,0.009591359892586304,0
6590,06903,0.009909678378291709,0
6591,06904,0.010306858096594596,0
6592,06905,0.011055069010888374,0
6593,06906,0.002303809205844942,0
6594,06907,0.00013357058864915672,0
6595,06908,0.00017851765303333877,0
6596,06909,0.00010218362801683867,0
6597,06910,9.65191170259061e-05,0
6598,06911,0.00013246018503298984,0
6599,06912,0.0016391601929006683,0
6600,06913,0.001533392342516926,0
6601,06914,0.001554037299711375,0
6602,06915,0.0037969905867916154,0
6603,06916,0.007831824077564775,0
6604,06917,0.00974452530301928,0
6605,06918,0.009966078679811474,0
6606,06919,0.011261250291805247,0
6607,06920,0.009998643020741937,0
6608,06921,0.01298479928318308,0
6609,06922,0.013245685934598406,0
6610,06923,0.013111296997362132,0
6611,06924,0.013366864000032841,0
6612,06925,0.012700581928820398,0
6613,06926,0.009342447992156444,0
6614,06927,0.0067004488303998855,0
6615,06928,0.006783051443986388,0
6616,06929,0.006952177975212415,0
6617,06930,0.009991053057056831,0
6618,06931,0.011839715092320624,0
6619,06932,0.010672572577435702,0
6620,06933,0.01064013340515757,0
6621,06934,0.010361004100937876,0
6622,06935,0.011345984525895858,0
6623,06936,0.014172592476213275,0
6624,06937,0.01311476053580396,0
6625,06938,0.013405668525521719,0
6626,06939,0.01222967874974401,0
6627,06940,0.010015652522953111,0
6628,06941,0.009403049100323635,0
6629,06942,0.009569254038614972,0
6630,06943,0.009537310792321563,0
6631,06944,0.009568443962058026,1
6632,06945,0.010517093004127176,1
6633,06946,0.013005216088683547,1
6634,06947,0.014100273089715287,1
6635,06948,0.013985004227503595,1
6636,06949,0.014170517502695823,1
6637,06950,0.015090774787047678,1
6638,06951,0.014396858297869741,1
6639,06952,0.014484994667355089,1
6640,06953,0.014710634178499937,1
6641,06954,0.014807338091799238,1
6642,06955,0.013044797419305532,1
6643,06956,0.014163388217510509,1
6644,06957,0.013954910879554916,1
6645,06958,0.013937866453443526,1
6646,06959,0.012656148966994962,1
6647,06960,0.011690205475698434,1
6648,06961,0.012100372920899716,1
6649,06962,0.012401844625298253,1
6650,06963,0.011561858247709722,1
6651,06964,0.012683942716209096,1
6652,06965,0.011636212902954135,1
6653,06966,0.013361026943927712,1
6654,06967,0.014313924802091371,1
6655,06968,0.012570614734725538,1
6656,06969,0.011282869484071867,1
6657,06970,0.0119246907448316,1
6658,06971,0.011029546128782819,1
6659,06972,0.011794291470743623,1
6660,06973,0.011958325297472427,1
6661,06974,0.009951361288035088,1
6662,06975,0.00889211274457935,1
6663,06976,3.927338314468898e-05,1
6664,06977,5.431624718177375e-05,1
6665,06978,5.9241225449646606e-05,1
6666,06979,0.0001240806173568032,1
6667,06980,0.0006185176880677545,1
6668,06981,7.299591465859123e-05,0
6669,06982,5.179329398075083e-05,0
6670,06983,3.1295903653472124e-05,0
6671,06984,9.45300962209572e-05,0
6672,06985,0.005580469456007542,0
6673,06986,0.014103213906075496,0
6674,06987,0.013531013006186754,0
6675,06988,0.013418594814068818,0
6676,06989,0.011128900312593615,0
6677,06990,0.005918737135794494,0
6678,06991,0.0024397413098027343,0
6679,06992,0.0014832568828984094,0
6680,06993,0.0013647343241256493,0
6681,06994,3.470213034173497e-05,0
6682,06995,6.567643370303244e-05,0
6683,06996,0.004487925841742069,0
6684,06997,0.003790462888237478,0
6685,06998,0.0035512197111664534,0
6686,06999,8.536925027602393e-05,0
6687,07000,0.00016958201188543853,0
6688,07001,0.0024529648955029515,0
6689,07002,0.0033230198795477506,0
6690,07003,0.0031508153435906294,0
6691,07004,0.001895174568570468,0
6692,07005,0.004254116435137512,0
6693,07006,0.005611359069320088,0
6694,07007,0.007672479937333776,0
6695,07008,0.00767245441400366,0
6696,07009,0.007996981489604593,0
6697,07010,0.007947470373771637,0
6698,07011,0.008955657604770018,0
6699,07012,0.00844281035533534,0
6700,07013,0.008961110482488266,0
6701,07014,0.009082884877765096,0
6702,07015,0.009241253776729685,0
6703,07016,0.008812303540866928,0
6704,07017,0.008306513052942499,0
6705,07018,0.008707570482951787,0
6706,07019,0.008909500915545543,0
6707,07020,0.01000766370432693,0
6708,07021,0.010567720851989648,0
6709,07022,0.009024393697634636,0
6710,07023,0.009122011241669448,0
6711,07024,0.008177270237301748,0
6712,07025,0.00493131278136083,0
6713,07026,0.002792518572246827,0
6714,07027,0.0037624211666233975,0
6715,07028,0.0039081384889971815,0
6716,07029,0.004162996930649143,0
6717,07030,0.007857301396924754,0
6718,07031,0.005791985389878462,0
6719,07032,0.0034191639263303486,0
6720,07033,0.0034156069119459787,0
6721,07034,0.003927254585138762,0
6722,07035,0.008064269783025324,0
6723,07036,0.010722560272537152,0
6724,07037,0.009918169318427594,0
6725,07038,0.00943837278153925,0
6726,07039,0.0079669252156922,0
6727,07040,0.007049519289226147,0
6728,07041,0.009083801323433782,0
6729,07042,0.011296907812210044,0
6730,07043,0.011335172473796007,0
6731,07044,0.011810945984747079,0
6732,07045,0.01282896952411594,0
6733,07046,0.010027872956895223,0
6734,07047,0.005994531688227056,0
6735,07048,0.006207213852714055,0
6736,07049,0.0005467872000597396,0
6737,07050,8.751432880238497e-05,0
6738,07051,6.831940205920262e-05,0
6739,07052,0.0005663886507640825,0
6740,07053,0.0002329948979733487,0
6741,07054,0.004075472996565743,0
6742,07055,0.0047163614347152105,0
6743,07056,0.006759122558190889,0
6744,07057,0.00850669600080245,0
6745,07058,0.00830633632528155,0
6746,07059,0.009926031735510321,0
6747,07060,0.012736823614170056,0
6748,07061,0.01153685610174282,0
6749,07062,0.010620216988328046,0
6750,07063,0.01031985116445533,0
6751,07064,0.010377476039783673,0
6752,07065,0.009156622671169679,0
6753,07066,0.004115472742487469,0
6754,07067,0.004689578916305948,0
6755,07068,0.00013573090316221226,0
6756,07069,2.735756696470304e-05,0
6757,07070,4.267658282497422e-05,0
6758,07071,7.686953970242882e-05,0
6759,07072,7.427610882349e-05,0
6760,07073,4.8804654145584436e-05,0
6761,07074,1.745841037070761e-05,0
6762,07075,2.4677399229844355e-05,0
6763,07076,2.9567771616889615e-05,0
6764,07077,3.406398221272866e-05,0
6765,07078,0.004941592924735616,0
6766,07079,0.008877994194572913,0
6767,07080,0.008972294353007726,0
6768,07081,0.0074779110248464065,0
6769,07082,0.007163682572941532,0
6770,07083,0.005587786078945278,0
6771,07084,0.0034475256043116076,0
6772,07085,0.0016461046437914462,0
6773,07086,0.0034817099758086556,0
6774,07087,0.0033118148068469466,0
6775,07088,0.002091612093083839,0
6776,07089,0.00010933630560394647,0
6777,07090,0.0022280683625863773,0
6778,07091,0.005952187559097766,0
6779,07092,0.005328533653844225,0
6780,07093,0.006951683486461135,0
6781,07094,0.005660401146634797,0
6782,07095,0.004247979174037297,0
6783,07096,0.007381194798713686,0
6784,07097,0.0074793804605528535,0
6785,07098,0.008261384896079527,0
6786,07099,0.004945632963072377,0
6787,07100,0.005821983478549342,0
6788,07101,0.00412777722264579,0
6789,07102,0.004215964076903944,0
6790,07103,0.004807187325950757,0
6791,07104,0.003347556968389398,0
6792,07105,0.0028979000789011167,0
6793,07106,0.0008912577747723915,0
6794,07107,0.000471132938922203,0
6795,07108,0.00017139825548628806,0
6796,07109,0.00032340999210234145,0
6797,07110,0.00018843036964089066,0
6798,07111,7.683750425169222e-05,0
6799,07112,7.500278644467784e-05,0
6800,07113,0.00010313995586574976,0
6801,07114,0.000647222339542175,0
6802,07115,0.0005635325675221736,0
6803,07116,5.595970227023628e-05,0
6804,07117,5.679863462493273e-05,0
6805,07118,0.006206282716457068,0
6806,07119,0.009329113976289882,0
6807,07120,0.013844933649481916,0
6808,07121,0.013455348235823728,0
6809,07122,0.014203043189348286,0
6810,07123,0.014759688607655086,0
6811,07124,0.013584097559984798,0
6812,07125,0.011176888983695399,0
6813,07126,0.011494042883208877,0
6814,07127,0.01135456563313042,0
6815,07128,0.009214177643958266,0
6816,07129,0.006394442730089267,0
6817,07130,8.45382511780457e-05,0
6818,07131,0.0001594189105160737,0
6819,07132,0.00022364195641610962,0
6820,07133,0.00010016724395622845,0
6821,07134,0.002863851810906759,0
6822,07135,0.00413777808136917,0
6823,07136,0.0037251693604147817,0
6824,07137,0.003736174213773147,0
6825,07138,0.003776812458250234,0
6826,07139,0.00161551144097416,0
6827,07140,0.0002854642026255405,0
6828,07141,8.485795887391845e-05,0
6829,07142,0.00010736605087036111,0
6830,07143,0.0001429548007685355,0
6831,07144,0.0004066407842309161,0
6832,07145,0.0003489164731940164,0
6833,07146,0.00022864710417280776,0
6834,07147,0.00018773118584647364,0
6835,07148,0.00015920067365016166,0
6836,07149,0.00019689230380315337,0
6837,07150,0.00028759803603151113,0
6838,07151,0.0002302727114891212,0
6839,07152,0.00022300607098824088,0
6840,07153,0.00012070165588262682,0
6841,07154,0.00014286378233752117,0
6842,07155,0.00016107232862694332,0
6843,07156,0.00020800925297681516,0
6844,07157,0.00019877682121460793,0
6845,07158,0.00011628581181089004,0
6846,07159,0.0035921443186319735,0
6847,07160,0.004659297350312563,0
6848,07161,0.006820447319134004,0
6849,07162,0.004971988421785589,0
6850,07163,0.008602124874047767,0
6851,07164,0.00826421336130334,0
6852,07165,0.006928480542069515,0
6853,07166,0.007596607266900257,0
6854,07167,0.007672197871543496,0
6855,07168,0.008827598486388588,0
6856,07169,0.008354588556542808,0
6857,07170,0.008356615685174873,0
6858,07171,0.007880655812115833,0
6859,07172,0.008198949997955118,0
6860,07173,0.008517584327617733,0
6861,07174,0.009444466737904555,0
6862,07175,0.009133719868242629,0
6863,07176,0.00875767038621511,0
6864,07177,0.008636815837345324,0
6865,07178,0.008737777406383707,0
6866,07179,0.00809535468665068,0
6867,07180,0.006654093746018219,0
6868,07181,0.005527621802246863,0
6869,07182,0.005877365326810491,0
6870,07183,0.0015801366442964593,0
6871,07184,0.002518976322360089,0
6872,07185,3.290862352134383e-05,0
6873,07186,0.00019956835344103752,0
6874,07187,0.00020020181648838786,0
6875,07188,6.988414045228097e-05,0
6876,07189,0.00014806829792934906,0
6877,07190,0.00014598464218984475,0
6878,07191,7.762320006943213e-05,0
6879,07192,7.191920514060257e-05,0
6880,07193,5.906821149093133e-05,0
6881,07194,4.330986496192679e-05,0
6882,07195,9.362726415851341e-05,0
6883,07196,4.265749513621131e-05,0
6884,07197,5.691299672072603e-05,0
6885,07198,0.0059505065177818395,0
6886,07199,0.007069022793643853,0
6887,07200,0.009215067468349325,0
6888,07201,0.006085659509719399,0
6889,07202,0.005699388492582891,0
6890,07203,0.00970331955810444,0
6891,07204,0.00961853380961486,0
6892,07205,0.011245702595052087,0
6893,07206,0.009812813421540945,0
6894,07207,0.009799907066749824,0
6895,07208,0.009155832712075096,0
6896,07209,0.00955161150917494,0
6897,07210,0.009294107473356128,0
6898,07211,0.010656579419277001,0
6899,07212,0.01058231036276247,0
6900,07213,0.009600819811347527,0
6901,07214,0.010378146454971926,0
6902,07215,0.008515762543416905,0
6903,07216,0.004172112503919578,0
6904,07217,0.004988175113134652,0
6905,07218,0.0037550806430619588,0
6906,07219,0.001949182407146921,0
6907,07220,0.0024568670409097493,0
6908,07221,0.001486854177728425,0
6909,07222,0.0010084654101119028,0
6910,07223,0.0031751712205956295,0
6911,07224,0.0058187052867264555,0
6912,07225,0.010851132435689692,0
6913,07226,0.016763965059518604,0
6914,07227,0.016750536227159607,0
6915,07228,0.0160997806589398,0
6916,07229,0.01404501211186826,0
6917,07230,0.017394341941781022,0
6918,07231,0.015424822729416476,0
6919,07232,0.015337283590509898,0
6920,07233,0.0006622241711440324,0
6921,07234,7.404816571465744e-05,0
6922,07235,9.165702364200001e-05,0
6923,07236,5.350878919863078e-05,0
6924,07237,6.613308195912992e-05,0
6925,07238,0.005723164650188295,0
6926,07239,0.004012168721550857,0
6927,07240,0.0030721965120301675,0
6928,07241,3.79960817591396e-05,0
6929,07242,4.051459695286752e-05,0
6930,07243,6.19882979897568e-05,0
6931,07244,0.002402492875887674,0
6932,07245,0.007851816181917215,0
6933,07246,0.008094449999819453,0
6934,07247,0.008179699572055554,0
6935,07248,8.523919653580236e-05,0
6936,07249,4.352505990823374e-05,0
6937,07250,0.0001078562067799993,0
6938,07251,8.86605011194419e-05,0
6939,07252,0.0005190650116704276,0
6940,07253,0.0002098977657292167,0
6941,07254,0.00012316318763350154,0
6942,07255,8.256167388598357e-05,0
6943,07256,0.0019455769618152985,0
6944,07257,0.001971251634889981,0
6945,07258,0.0018672977892393305,0
6946,07259,0.002986094611400425,0
6947,07260,0.0026333278007282246,0
6948,07261,0.002244771074144225,0
6949,07262,0.0030819512715698494,0
6950,07263,0.0035362058088512782,0
6951,07264,0.005150850491317804,0
6952,07265,0.006268487192033767,0
6953,07266,0.007802212283086973,0
6954,07267,0.00792246907438443,0
6955,07268,0.008139648112838849,0
6956,07269,0.008794722876102945,0
6957,07270,0.007848774494197741,0
6958,07271,0.007248071024655189,0
6959,07272,0.007099603672682697,0
6960,07273,0.007576510562376626,0
6961,07274,0.007271675896027396,0
6962,07275,0.007579636798719314,0
6963,07276,6.640125417245457e-05,0
6964,07277,6.54696051451964e-05,0
6965,07278,5.6750549939366124e-05,0
6966,07279,7.816482504896527e-05,0
6967,07280,0.000310086273424659,0
6968,07281,0.0028754812923921236,0
6969,07282,0.0023924992417505564,0
6970,07283,0.0026719402365680267,0
6971,07284,0.0028554714805633097,0
6972,07285,0.002123814197766194,0
6973,07286,0.006759918546673127,0
6974,07287,0.006789059005692266,0
6975,07288,0.009023065470808334,0
6976,07289,0.009715329225174152,0
6977,07290,0.008544349043177135,0
6978,07291,0.0034698657349423456,0
6979,07292,0.0030625640706825052,0
6980,07293,0.006016231300575825,0
6981,07294,0.008948006138621345,0
6982,07295,0.01096119435591536,0
6983,07296,0.011705880403996893,0
6984,07297,0.011363249967271116,0
6985,07298,0.01099686242949005,0
6986,07299,0.010824532076292748,0
6987,07300,0.01140278251705773,0
6988,07301,0.010602701857156838,0
6989,07302,0.010936931239946546,0
6990,07303,0.01174832333428899,0
6991,07304,0.010734782005423327,0
6992,07305,0.0100485913034003,0
6993,07306,0.00870464035616969,0
6994,07307,0.00930081842310937,0
6995,07308,0.008570640380248129,0
6996,07309,0.008591202448900326,0
6997,07310,0.008222703955329536,0
6998,07311,0.00902550388603629,0
6999,07312,0.009117593429682103,0
7000,07313,0.009264347895761915,0
7001,07314,0.011027251733901622,0
7002,07315,0.011556461132137485,0
7003,07316,0.016279265397830756,0
7004,07317,0.0158795991688514,0
7005,07318,0.018257781223688596,0
7006,07319,0.018029167278708513,1
7007,07320,0.0188193540281425,1
7008,07321,0.01927008831600041,1
7009,07322,0.017771752517456108,1
7010,07323,0.016816095734471403,1
7011,07324,0.016717563319810225,1
7012,07325,0.015885321561591503,1
7013,07326,0.014234294172937645,1
7014,07327,0.013849283833038406,1
7015,07328,0.015046126282342698,1
7016,07329,0.013325020219401296,1
7017,07330,0.013265464479805367,1
7018,07331,0.012228638579141915,1
7019,07332,0.01216497951937967,1
7020,07333,0.010886336953346287,1
7021,07334,0.01188401453926069,1
7022,07335,0.01089080732113512,1
7023,07336,0.011114628515341174,1
7024,07337,0.011886423347300834,1
7025,07338,0.01272415711843422,1
7026,07339,0.010409543019618717,1
7027,07340,0.00678079134897569,1
7028,07341,0.006790460263358611,1
7029,07342,0.00013113986192880844,1
7030,07343,7.169827272335283e-05,1
7031,07344,7.658701435886428e-05,1
7032,07345,0.003513161286734068,1
7033,07346,0.004568430125287293,1
7034,07347,0.003611949880549581,1
7035,07348,0.004019844361388358,1
7036,07349,0.004366047760979264,1
7037,07350,0.005180831982652734,0
7038,07351,0.005491666601495027,0
7039,07352,0.002579403319561635,0
7040,07353,0.004882029006329169,0
7041,07354,0.007192073271834687,0
7042,07355,0.00828830873355102,0
7043,07356,0.008403007019385456,0
7044,07357,0.010686319541316713,0
7045,07358,0.010337723199318027,0
7046,07359,0.013036979718981101,0
7047,07360,0.011256130098707295,0
7048,07361,0.011281583213540891,0
7049,07362,0.012504251966269031,0
7050,07363,0.012433306810338607,0
7051,07364,0.013803010469009003,0
7052,07365,0.012750481296194494,0
7053,07366,0.012556231708310328,0
7054,07367,0.012410981380700292,0
7055,07368,0.011422325256976507,0
7056,07369,0.010841651585381307,0
7057,07370,0.009851928571199764,0
7058,07371,0.009833239609390532,0
7059,07372,0.009782876601744483,0
7060,07373,0.009493302638392542,0
7061,07374,0.009917985226168824,0
7062,07375,0.010219452544194318,0
7063,07376,0.01036906573334484,0
7064,07377,0.011507517437121528,0
7065,07378,0.012245257701170686,0
7066,07379,0.011900524322424388,0
7067,07380,0.012926918552508937,0
7068,07381,0.0127581280407556,1
7069,07382,0.012119715534374187,1
7070,07383,0.01175383506552663,1
7071,07384,0.011746773514087039,1
7072,07385,0.0115075084477132,1
7073,07386,0.011185087420133577,1
7074,07387,0.011009032042689881,1
7075,07388,0.0117052847857817,1
7076,07389,0.011315077717538813,1
7077,07390,0.012871672970401704,1
7078,07391,0.013114075474086384,1
7079,07392,0.01297933726321876,1
7080,07393,0.012015064090218353,1
7081,07394,0.01215072286136376,1
7082,07395,0.012804430303690495,1
7083,07396,0.012890974726788684,1
7084,07397,0.008670732814585413,1
7085,07398,0.004793381737446367,1
7086,07399,0.0038533074275974855,1
7087,07400,0.004627985268337298,1
7088,07401,0.004304693570148288,1
7089,07402,0.006107572801858474,1
7090,07403,0.006669316797593083,1
7091,07404,0.00692084332072973,0
7092,07405,0.007497401878042709,0
7093,07406,0.007191260867782212,0
7094,07407,0.006545250907458389,0
7095,07408,0.004260663218891736,0
7096,07409,0.002734502796114313,0
7097,07410,5.206905900401182e-05,0
7098,07411,7.754894476619256e-05,0
7099,07412,2.2777716879751608e-05,0
7100,07413,0.0013922988158796556,0
7101,07414,0.002591671932257178,0
7102,07415,0.002166014732385868,0
7103,07416,0.0022200621154162548,0
7104,07417,0.0015604440823482335,0
7105,07418,0.0005809991435654638,0
7106,07419,0.002442915074743368,0
7107,07420,0.003213737470380451,0
7108,07421,0.0031530261167604934,0
7109,07422,0.005673190939749162,0
7110,07423,0.006007119213028211,0
7111,07424,0.00783155507269484,0
7112,07425,0.008625994116444602,0
7113,07426,0.008722535552071697,0
7114,07427,0.008358833130095,0
7115,07428,0.013879339687103531,0
7116,07429,0.019241898012180236,0
7117,07430,0.012083841325349454,0
7118,07431,0.012076534545893303,0
7119,07432,0.007020568505260449,0
7120,07433,0.007979869347206403,0
7121,07434,0.008217552669131933,0
7122,07435,0.00832395898033056,0
7123,07436,0.008543360847422576,0
7124,07437,0.00854456588830832,0
7125,07438,0.008096467977065203,0
7126,07439,0.009290303047356119,0
7127,07440,0.011551216925859364,0
7128,07441,0.011567478816211008,0
7129,07442,0.011167736013797835,0
7130,07443,0.01073256807004519,0
7131,07444,0.012130115122397811,0
7132,07445,0.012780314901441159,0
7133,07446,0.012878170186482407,0
7134,07447,0.01202809760716228,0
7135,07448,0.012156178664711526,0
7136,07449,0.010810631110989455,0
7137,07450,0.010078484040873192,0
7138,07451,0.009732208945639087,0
7139,07452,0.00803105332140941,0
7140,07453,0.007927367738597368,0
7141,07454,0.008159497453810616,1
7142,07455,0.013889943629195045,1
7143,07456,0.014165264568821279,1
7144,07457,0.022474303418172248,1
7145,07458,0.025053693527307352,1
7146,07459,0.025617235697319884,1
7147,07460,0.02690110608780838,1
7148,07461,0.02678831326084552,1
7149,07462,0.0256621046355745,1
7150,07463,0.02537760353406071,1
7151,07464,0.023438553308277932,1
7152,07465,0.020795826971653497,1
7153,07466,0.020772509745791368,1
7154,07467,0.01762278839165088,1
7155,07468,0.016650963272347497,1
7156,07469,0.013284676731048606,1
7157,07470,0.011215741251418443,1
7158,07471,0.011030221682298169,1
7159,07472,0.00955022444732645,1
7160,07473,0.007248914034543752,1
7161,07474,0.007072715899592019,1
7162,07475,0.00025685874553094123,1
7163,07476,0.00034074644359360917,1
7164,07477,0.00013728500501741792,1
7165,07478,0.0001947007423783731,1
7166,07479,0.0001211261734219704,1
7167,07480,0.00834493714693263,1
7168,07481,0.008298599744050783,1
7169,07482,0.008990893665598243,1
7170,07483,0.008922188979857637,1
7171,07484,0.008240795604574025,1
7172,07485,0.006468536587235896,1
7173,07486,0.0065118251785616366,1
7174,07487,0.006007796628392015,1
7175,07488,0.006895669052903841,1
7176,07489,0.00733631962621395,1
7177,07490,0.008005224109348674,1
7178,07491,0.007956836662413203,0
7179,07492,0.00697998560177826,0
7180,07493,0.004830646123016535,0
7181,07494,0.0032842257433740585,0
7182,07495,0.002780766787035205,0
7183,07496,0.0025340850765367406,0
7184,07497,0.0018895997100170092,0
7185,07498,0.0019751600476336506,0
7186,07499,0.0003411830278636785,0
7187,07500,0.00041860491059075855,0
7188,07501,0.0003104144679575427,0
7189,07502,0.0010401823974302005,0
7190,07503,0.004165486241179295,0
7191,07504,0.003688542761132396,0
7192,07505,0.005878986791436169,0
7193,07506,0.005794344977184451,0
7194,07507,0.006472144279602077,0
7195,07508,0.006362606020519301,0
7196,07509,0.008133589535796126,0
7197,07510,0.009561939856344459,0
7198,07511,0.010359672983829782,0
7199,07512,0.01085818497358293,0
7200,07513,0.011097205576654723,0
7201,07514,0.011001068890014842,0
7202,07515,0.010825331650576864,0
7203,07516,0.010863115503745746,0
7204,07517,0.010804531401785056,0
7205,07518,0.009865340277317003,0
7206,07519,0.011200363333802699,0
7207,07520,0.008599996720435321,0
7208,07521,0.008220683792942829,0
7209,07522,0.007174698189024831,0
7210,07523,0.006467328222721669,0
7211,07524,0.005416318029815237,0
7212,07525,0.005711875506267283,0
7213,07526,0.0055484758263890654,0
7214,07527,0.0065312974682631975,0
7215,07528,0.00837080043925642,0
7216,07529,0.0088812713423021,0
7217,07530,7.156720395151694e-05,0
7218,07531,7.137794973388623e-05,0
7219,07532,9.756901322699463e-05,0
7220,07533,0.0020462933117295634,0
7221,07534,0.004980981538325935,0
7222,07535,0.00014366234109886022,0
7223,07536,0.0005274069466398856,0
7224,07537,0.00015381542351811106,0
7225,07538,0.00016844530811699343,0
7226,07539,0.003648936872111541,0
7227,07540,0.0034670301604924347,0
7228,07541,0.0034957847938112963,0
7229,07542,0.003327001346393743,0
7230,07543,0.0026946082019243534,0
7231,07544,0.0027769040800231792,0
7232,07545,0.002836315949241275,0
7233,07546,0.0030673196977444306,0
7234,07547,0.003117643253672142,0
7235,07548,0.0032414691964222087,0
7236,07549,0.0038264656641144867,0
7237,07550,0.00769891070733042,0
7238,07551,0.00795123336395065,0
7239,07552,0.007992588829043079,0
7240,07553,0.005672770701022678,0
7241,07554,0.001106675523320888,0
7242,07555,4.415500249699278e-05,0
7243,07556,5.049216649322119e-05,0
7244,07557,5.598889828117848e-05,0
7245,07558,6.009881162771791e-05,0
7246,07559,6.810025863845937e-05,0
7247,07560,0.005791585629123297,0
7248,07561,0.006201559060984074,0
7249,07562,0.006934572266573902,0
7250,07563,0.010876538628059151,0
7251,07564,0.010518677689785427,0
7252,07565,0.012504984350715453,0
7253,07566,0.012862903597233633,0
7254,07567,0.01398205364764138,0
7255,07568,0.014257599781536179,0
7256,07569,0.013656229122386954,0
7257,07570,0.016170252715019373,0
7258,07571,0.015443423793573885,0
7259,07572,0.015618145288184948,0
7260,07573,0.01689999387326324,0
7261,07574,0.015634433049226182,0
7262,07575,0.014360764247220992,0
7263,07576,0.012789424160230212,0
7264,07577,0.011519751834420333,0
7265,07578,0.010936371217450613,0
7266,07579,0.009447326232518094,0
7267,07580,0.009210777657498781,0
7268,07581,0.0096161839681983,0
7269,07582,0.00995875178320027,0
7270,07583,0.009500350595317286,0
7271,07584,0.008379248942031126,0
7272,07585,0.004346027779163819,0
7273,07586,0.004410940611998093,0
7274,07587,0.003880457791877845,0
7275,07588,0.0041823079074063685,0
7276,07589,0.0051673840837800356,1
7277,07590,0.010117536703727836,1
7278,07591,0.010125520730230875,1
7279,07592,0.010596893825597142,1
7280,07593,0.01105329200427363,1
7281,07594,0.005581025769827441,1
7282,07595,0.006673172413326434,1
7283,07596,0.005725153743384226,0
7284,07597,0.010262290464896573,0
7285,07598,0.012647340053127287,0
7286,07599,0.012291060683549127,0
7287,07600,0.01223046348263157,0
7288,07601,0.008127347782584948,0
7289,07602,0.003386616045493618,0
7290,07603,0.00012656596366955597,0
7291,07604,0.00013101607236620794,0
7292,07605,0.0001654142562914629,0
7293,07606,0.00020691005066186818,0
7294,07607,0.00316405056967195,0
7295,07608,0.005629144023526322,0
7296,07609,0.005671060547513207,0
7297,07610,0.0057630202481515624,0
7298,07611,0.004732643334476094,0
7299,07612,0.006183516315913629,0
7300,07613,0.005366912417765768,0
7301,07614,0.007213057527606814,0
7302,07615,0.00700915667525237,0
7303,07616,0.006417750926874355,0
7304,07617,0.005862135752974673,0
7305,07618,0.004106769526081244,0
7306,07619,0.0026621720445980657,0
7307,07620,0.0029715983147395875,0
7308,07621,0.0023350080832722497,0
7309,07622,0.0019774716507940937,0
7310,07623,0.003064984685122951,0
7311,07624,0.0032612907873952324,0
7312,07625,0.003165889677655187,0
7313,07626,0.004701951330800647,0
7314,07627,0.005842000060054531,0
7315,07628,0.006683299442680202,0
7316,07629,0.008308934003013135,0
7317,07630,0.008343827112224034,0
7318,07631,0.01091059848178233,0
7319,07632,0.005626263290831268,0
7320,07633,0.0030868261255232454,0
7321,07634,0.0005743540212916898,0
7322,07635,0.000552545171506047,0
7323,07636,0.003086158744246781,0
7324,07637,0.005510752212029679,0
7325,07638,0.008307863207897448,0
7326,07639,0.007958453863419201,0
7327,07640,0.008671117978609644,0
7328,07641,0.013206390660622347,0
7329,07642,0.013004323815429153,0
7330,07643,0.01494035474386557,0
7331,07644,0.014379589486274824,0
7332,07645,0.014346871636234049,0
7333,07646,0.016649140185214684,0
7334,07647,0.01573441416473642,0
7335,07648,0.014918344772880232,0
7336,07649,0.014948445965433876,0
7337,07650,0.0148835018863398,0
7338,07651,0.013603888272804454,0
7339,07652,0.014484707713683598,0
7340,07653,0.013324809274237737,0
7341,07654,0.010858465718670551,0
7342,07655,0.010837409242665963,0
7343,07656,0.008032445042180036,0
7344,07657,0.007645105335035041,0
7345,07658,0.007525582890424154,0
7346,07659,0.008508482060317846,0
7347,07660,0.008085674009235433,0
7348,07661,0.010719165322696789,0
7349,07662,0.01052785352914043,0
7350,07663,0.009694484408313997,1
7351,07664,0.008708102940669704,1
7352,07665,0.008546891783405286,1
7353,07666,0.00812472789363028,1
7354,07667,0.008223484639802159,1
7355,07668,0.008879007352518009,1
7356,07669,0.008026453898222208,1
7357,07670,0.007789687734454098,1
7358,07671,0.004820168633351329,1
7359,07672,0.0006179594866377869,1
7360,07673,0.00010021592987907724,0
7361,07674,6.0785614510727726e-05,0
7362,07675,5.4876653952540266e-05,0
7363,07676,0.003952169457945409,0
7364,07677,0.007356231064517438,0
7365,07678,0.008380300244129835,0
7366,07679,0.008672346765277616,0
7367,07680,0.008520570249774373,0
7368,07681,0.008703308687000089,0
7369,07682,0.0072196290060775326,0
7370,07683,0.009803670081528715,0
7371,07684,0.011882158032102907,0
7372,07685,0.012136492694375889,0
7373,07686,0.017955262460303878,0
7374,07687,0.018500952177022967,0
7375,07688,0.01772243227502912,0
7376,07689,0.018310910615825016,0
7377,07690,0.01750181941292439,0
7378,07691,0.0101971181352285,0
7379,07692,0.0015473430557815249,0
7380,07693,0.0016130703335148766,0
7381,07694,0.00016666996738390338,0
7382,07695,0.00038169472550020345,0
7383,07696,0.004415075427601778,0
7384,07697,0.008376282230113219,0
7385,07698,0.008483431139356234,0
7386,07699,0.007808590081114453,0
7387,07700,0.008057851449813747,0
7388,07701,0.008162604534123652,0
7389,07702,0.009230852710027548,0
7390,07703,0.008204533563827887,0
7391,07704,0.007708251951884293,0
7392,07705,0.007726418232747889,0
7393,07706,0.005765495196295767,0
7394,07707,0.004798674544138848,0
7395,07708,0.0025425470528590566,0
7396,07709,0.002483012070948476,0
7397,07710,0.002533208111836771,0
7398,07711,0.0019315947441924664,0
7399,07712,0.003923935753918251,0
7400,07713,0.007010076922893127,0
7401,07714,0.008713864192269938,0
7402,07715,0.008597703101110632,0
7403,07716,0.009708107352806472,0
7404,07717,0.011742329532021145,0
7405,07718,0.012997904158058127,0
7406,07719,0.01511662130750846,0
7407,07720,0.01512450683388078,0
7408,07721,0.01898754602750774,0
7409,07722,0.014443160551844691,0
7410,07723,0.011693126632579265,0
7411,07724,0.011581822445297263,0
7412,07725,0.01178531155714424,0
7413,07726,0.008096906352321298,0
7414,07727,0.007804552201124082,0
7415,07728,0.007459285386646641,0
7416,07729,0.0024881106972198808,0
7417,07730,0.0027698417112267393,0
7418,07731,6.529240489694388e-05,0
7419,07732,2.3706715493787556e-05,0
7420,07733,2.7591212169220114e-05,0
7421,07734,0.003401191657902203,0
7422,07735,0.0034414754540463832,0
7423,07736,0.007339601708784116,0
7424,07737,0.007384610667320324,0
7425,07738,0.0067209090558302265,0
7426,07739,0.006391591773828864,0
7427,07740,0.0060838026200809026,0
7428,07741,0.007427669358248679,0
7429,07742,0.009036537625519259,0
7430,07743,0.010670679124962668,0
7431,07744,0.012759859594734912,0
7432,07745,0.012019368869350622,0
7433,07746,0.020581246853652146,0
7434,07747,0.020917340408826313,0
7435,07748,0.019696211923864837,0
7436,07749,0.021924599536641942,0
7437,07750,0.021884557865471166,0
7438,07751,0.018708715818553046,0
7439,07752,0.01690097203182983,0
7440,07753,0.011924102062407904,0
7441,07754,0.011579247356121591,0
7442,07755,0.011446038323350116,0
7443,07756,0.011723159648044046,0
7444,07757,0.003384071885228046,0
7445,07758,0.0013179543256951476,0
7446,07759,0.0008175102548557689,0
7447,07760,0.0009878780265557552,0
7448,07761,0.003477927475330489,0
7449,07762,0.0036535164271089826,0
7450,07763,0.004427477320529505,0
7451,07764,0.004839569666338583,0
7452,07765,0.004686922050249898,0
7453,07766,0.004610409378057234,0
7454,07767,0.003329547713301295,0
7455,07768,0.004457123706053778,0
7456,07769,0.004824710941089272,0
7457,07770,0.005461569330533322,0
7458,07771,0.005124329676478467,0
7459,07772,0.0068568288609647254,0
7460,07773,0.007701797127109167,0
7461,07774,0.006416721898776068,0
7462,07775,0.006659327981276775,0
7463,07776,0.002930161175487278,0
7464,07777,0.0045467100195466514,0
7465,07778,0.0036391939863866796,0
7466,07779,0.0018845898310067,0
7467,07780,0.0018592945107034353,0
7468,07781,0.00014705063429598653,0
7469,07782,0.006973490152281769,0
7470,07783,0.011206279458601642,0
7471,07784,0.012164214552405461,0
7472,07785,0.012041723595361375,0
7473,07786,0.015279748736764631,0
7474,07787,0.01660717517888255,0
7475,07788,0.016680874779034127,0
7476,07789,0.01587566935023066,0
7477,07790,0.016807562136416543,0
7478,07791,0.019404951737819864,0
7479,07792,0.01804575118673668,0
7480,07793,0.019819017787188642,0
7481,07794,0.017920020345498777,0
7482,07795,0.01774361676229841,0
7483,07796,0.02104432497709574,0
7484,07797,0.020541793189895685,1
7485,07798,0.019919350353919008,1
7486,07799,0.01568784945171764,1
7487,07800,0.014430642499609903,1
7488,07801,0.006616297713201824,1
7489,07802,0.001878110275678857,1
7490,07803,0.00014874516548335492,1
7491,07804,0.0002631034344062755,1
7492,07805,0.00022055937844278617,1
7493,07806,0.005212436168733348,1
7494,07807,0.006823710194567845,1
7495,07808,0.00439917674498691,1
7496,07809,0.002145834129979818,1
7497,07810,0.0026122772955226026,1
7498,07811,0.003557433889983308,1
7499,07812,0.004823939685082657,1
7500,07813,0.006535024553683932,1
7501,07814,0.00744278771736262,1
7502,07815,0.006518267602834804,1
7503,07816,0.007078087545264289,1
7504,07817,0.0073743364549603285,0
7505,07818,0.007552682121032106,0
7506,07819,0.007042866831730166,0
7507,07820,0.0073904435150780046,0
7508,07821,0.005997665754320813,0
7509,07822,0.005526827890032671,0
7510,07823,0.005028846131310161,0
7511,07824,0.003935449425721771,0
7512,07825,0.0038344839945754217,0
7513,07826,0.0023803234266681628,0
7514,07827,0.002598893983009276,0
7515,07828,0.0029295709890710953,0
7516,07829,0.004190392559231704,0
7517,07830,0.004173570108746638,0
7518,07831,0.006802739457826945,0
7519,07832,0.006674539060753659,0
7520,07833,0.00659557127708954,0
7521,07834,0.005594711137257846,0
7522,07835,0.005674274588969297,0
7523,07836,0.0029716539352877547,0
7524,07837,0.0035867638682889336,0
7525,07838,0.004629181707546337,0
7526,07839,0.005274473064232232,0
7527,07840,0.005243027560505986,0
7528,07841,0.0075793246783391055,0
7529,07842,0.007446212831808907,0
7530,07843,0.006629287993676236,0
7531,07844,0.0031107039392175295,0
7532,07845,0.003135884983729298,0
7533,07846,9.80272346486899e-05,0
7534,07847,0.00012152225020312102,0
7535,07848,7.961824306246257e-05,0
7536,07849,8.94568868190504e-05,0
7537,07850,8.766570490337244e-05,0
7538,07851,0.00023006994765317756,0
7539,07852,0.0008237854159931501,0
7540,07853,0.0024402971756689595,0
7541,07854,0.004149638813739642,0
7542,07855,0.004554877518065936,0
7543,07856,0.008898953644552066,0
7544,07857,0.00960434715473113,0
7545,07858,0.005695934739405217,0
7546,07859,0.0002951904643273551,0
7547,07860,0.0018832807300279697,0
7548,07861,4.8044611677511284e-05,0
7549,07862,0.002174062930587972,0
7550,07863,0.0028429799322937654,0
7551,07864,0.0035665157742723608,0
7552,07865,0.003165860665767184,0
7553,07866,0.009171230755748105,0
7554,07867,0.012025092934728754,0
7555,07868,0.01477517257999672,0
7556,07869,0.015048296559252883,0
7557,07870,0.01829177284400796,0
7558,07871,0.015643104908055427,0
7559,07872,0.016393754919106662,0
7560,07873,0.016309658745468525,0
7561,07874,0.016186859881049287,0
7562,07875,0.01574063556120553,0
7563,07876,0.01656012610082147,0
7564,07877,0.014746646133830588,0
7565,07878,0.015972540245902778,0
7566,07879,0.016202377297465986,0
7567,07880,0.018261038560813958,0
7568,07881,0.018612948921034267,0
7569,07882,0.017722370517449626,1
7570,07883,0.018010988896502766,1
7571,07884,0.01771904801395685,1
7572,07885,0.017478311971983018,1
7573,07886,0.014705803015623964,1
7574,07887,0.016441211359694563,1
7575,07888,0.014709053082776258,1
7576,07889,0.014929776323523214,1
7577,07890,0.014345473007298715,1
7578,07891,0.008088389178159794,1
7579,07892,0.006955033647364495,1
7580,07893,0.0049994745850066025,1
7581,07894,0.005191648762868262,1
7582,07895,0.0017355686898508083,1
7583,07896,3.2937583424264005e-05,1
7584,07897,8.351641136794541e-05,1
7585,07898,8.846601321454983e-05,1
7586,07899,0.0001242301131911816,1
7587,07900,0.00012705564147186266,1
7588,07901,0.005504150366368421,1
7589,07902,0.007467172886767237,1
7590,07903,0.009265391928926725,1
7591,07904,0.009510231836574512,1
7592,07905,0.01019277514288408,1
7593,07906,0.012955467716764701,1
7594,07907,0.013445935500192796,1
7595,07908,0.014741803468328207,0
7596,07909,0.014466508091517838,0
7597,07910,0.01305223228943575,0
7598,07911,0.008229490083229152,0
7599,07912,0.006236232747022008,0
7600,07913,0.0033945684229506057,0
7601,07914,0.002249214634965746,0
7602,07915,0.0008138394189503018,0
7603,07916,0.000334324800721042,0
7604,07917,0.00025542533375499943,0
7605,07918,0.0008813558463343085,0
7606,07919,0.00033467460151115347,0
7607,07920,0.00031793289681569803,0
7608,07921,0.0008809287455635584,0
7609,07922,0.0004175221629330039,0
7610,07923,0.0003302264221929363,0
7611,07924,0.00030483486504984114,0
7612,07925,0.007487463525450266,0
7613,07926,0.010145741491240479,0
7614,07927,0.011979538903682752,0
7615,07928,0.013113492029948937,0
7616,07929,0.01346599307354257,0
7617,07930,0.01679954819113938,0
7618,07931,0.024483854821121476,0
7619,07932,0.02370103421519243,0
7620,07933,0.02645496498288402,0
7621,07934,0.027581642144554053,0
7622,07935,0.028005092985336155,0
7623,07936,0.02727088384157028,1
7624,07937,0.02579246528579926,1
7625,07938,0.02710033042987181,1
7626,07939,0.027070456811325805,1
7627,07940,0.02613120342507802,1
7628,07941,0.026915951017679518,1
7629,07942,0.02867104628227679,1
7630,07943,0.024935886802921026,1
7631,07944,0.024669618384270287,1
7632,07945,0.0220432951689844,1
7633,07946,0.021270761464004195,1
7634,07947,0.019997208894572793,1
7635,07948,0.022801142300543198,1
7636,07949,0.022906619411940277,1
7637,07950,0.028907339604129945,1
7638,07951,0.02616618146383143,1
7639,07952,0.026927582790625237,1
7640,07953,0.02367542604232309,1
7641,07954,0.02390953443091437,1
7642,07955,0.020741108166143718,1
7643,07956,0.020323730619334235,1
7644,07957,0.019797134447776088,1
7645,07958,0.014401222673113168,1
7646,07959,0.015195528087814658,1
7647,07960,0.011687854376455142,1
7648,07961,0.012670344482615725,1
7649,07962,0.009666824460911272,1
7650,07963,0.000682231902752406,1
7651,07964,0.004560462002849874,1
7652,07965,0.00019899547889590252,1
7653,07966,0.00014511380894877135,1
7654,07967,0.00018610209848901604,1
7655,07968,0.0005083307237887524,1
7656,07969,0.000332920709001705,1
7657,07970,0.0002887241721269973,1
7658,07971,0.0002504905429425719,1
7659,07972,0.0006785337304924255,1
7660,07973,0.00020807569364933443,1
7661,07974,0.00022648849129414117,1
7662,07975,0.0001290372809146234,1
7663,07976,0.0006919918192886954,1
7664,07977,6.223048496512007e-05,0
7665,07978,0.00012651549129127915,0
7666,07979,3.391065489655176e-05,0
7667,07980,7.956527779384714e-05,0
7668,07981,0.00013272894203808505,0
7669,07982,5.5818973191179566e-05,0
7670,07983,0.00012998024494859095,0
7671,07984,6.386003100100623e-05,0
7672,07985,0.00022369146489520375,0
7673,07986,0.00624272662369485,0
7674,07987,0.007316420893462627,0
7675,07988,0.007515213678268573,0
7676,07989,0.007317374759167272,0
7677,07990,0.009013089466368918,0
7678,07991,0.010227178054766917,0
7679,07992,0.011087024913842392,0
7680,07993,0.010227561921222872,0
7681,07994,0.01015530570301415,0
7682,07995,0.008763238214432256,0
7683,07996,0.008277532771385765,0
7684,07997,0.006046787667979281,0
7685,07998,0.00484009786832118,0
7686,07999,0.005686564325317001,0
7687,08000,0.002566635145135443,0
7688,08001,0.003081415848953384,0
7689,08002,0.001065261167886078,0
7690,08003,0.00042921220662517356,0
7691,08004,0.0005196767429360705,0
7692,08005,0.0022006325541550353,0
7693,08006,0.0003274759489970691,0
7694,08007,0.0007737475793785364,0
7695,08008,0.0025408207595303267,0
7696,08009,0.002703155862139539,0
7697,08010,0.00227891449853157,0
7698,08011,0.0015771512519950903,0
7699,08012,0.0002897214977046758,0
7700,08013,0.00010817719526734493,0
7701,08014,0.00013472032790939892,0
7702,08015,0.005458423306956561,0
7703,08016,0.009895637503817056,0
7704,08017,0.013088926594102546,0
7705,08018,0.01616512835253836,0
7706,08019,0.015676655916392335,0
7707,08020,0.018958779067963505,0
7708,08021,0.0181590038898225,0
7709,08022,0.01584355617558142,0
7710,08023,0.014650658140554107,0
7711,08024,0.013050710901622686,0
7712,08025,0.010681004498444224,0
7713,08026,0.012052987027376894,0
7714,08027,0.011548579134458059,0
7715,08028,0.010835231475557094,0
7716,08029,0.01159483503722658,0
7717,08030,0.012243192430518413,0
7718,08031,0.009959445715751691,0
7719,08032,0.009822720673598795,0
7720,08033,0.006037486678894588,0
7721,08034,0.006168257890213802,0
7722,08035,0.0005685115301874433,0
7723,08036,0.0035141063069392686,0
7724,08037,0.005776152499460174,0
7725,08038,0.007731407390436651,0
7726,08039,0.007301179357863674,0
7727,08040,0.00836231488051542,0
7728,08041,0.008929818028251546,0
7729,08042,0.012691997785257314,0
7730,08043,0.013999267658980408,1
7731,08044,0.013962764195821542,1
7732,08045,0.017288892264188505,1
7733,08046,0.019129031407453034,1
7734,08047,0.021072494738880287,1
7735,08048,0.02274922625843523,1
7736,08049,0.022370261519822243,1
7737,08050,0.023251854677836192,1
7738,08051,0.020154764803491432,1
7739,08052,0.020318280653294885,1
7740,08053,0.018688778343971535,1
7741,08054,0.018666221119794102,1
7742,08055,0.014552746067559852,1
7743,08056,0.017105085480960902,1
7744,08057,0.01241955095276559,1
7745,08058,0.011559229898442602,1
7746,08059,0.012948715562900226,1
7747,08060,0.016942440814211146,1
7748,08061,0.015467588772567709,1
7749,08062,0.013479160790339506,1
7750,08063,0.013039488861598336,1
7751,08064,0.012743158203750049,1
7752,08065,0.011226474595684266,1
7753,08066,0.0121817993787392,1
7754,08067,0.010529745773499855,1
7755,08068,0.01185399973243495,1
7756,08069,0.011871209390088566,1
7757,08070,0.01696331861792011,1
7758,08071,0.013958729527564273,1
7759,08072,0.014718475980715517,1
7760,08073,0.01772689972927033,1
7761,08074,0.017253842402201514,1
7762,08075,0.017326415166117215,1
7763,08076,0.016188533181534126,1
7764,08077,0.018692688958242165,1
7765,08078,0.018319696321927204,1
7766,08079,0.01833213583481985,1
7767,08080,0.016594188050061298,1
7768,08081,0.01473712657068571,1
7769,08082,0.012745347053788159,1
7770,08083,0.011237439192264276,1
7771,08084,0.011402643823877234,1
7772,08085,0.01308205061608625,1
7773,08086,0.01438336149991759,1
7774,08087,0.014593251072000157,1
7775,08088,0.013251369864772933,1
7776,08089,0.013085744348024342,1
7777,08090,0.01322911468484822,1
7778,08091,0.012803663002540766,1
7779,08092,0.011313057143000904,1
7780,08093,0.012764113901914342,1
7781,08094,0.012661337850431664,1
7782,08095,0.01416605621576128,1
7783,08096,0.014320458607827824,1
7784,08097,0.013633927395148682,1
7785,08098,0.01613309151516873,1
7786,08099,0.016744055331231245,1
7787,08100,0.020849497209043832,1
7788,08101,0.022001037263612133,1
7789,08102,0.02457918770528522,1
7790,08103,0.02470229237955124,1
7791,08104,0.02417993210816949,1
7792,08105,0.025066051695367797,1
7793,08106,0.02915292168757766,1
7794,08107,0.030467443484521795,1
7795,08108,0.03257928812269384,1
7796,08109,0.03231938017664504,1
7797,08110,0.032940004844805415,1
7798,08111,0.03101149723028218,1
7799,08112,0.02876737469509827,1
7800,08113,0.024796896970950222,1
7801,08114,0.024958955325044663,1
7802,08115,0.019980402716286427,1
7803,08116,0.016335548030421698,1
7804,08117,0.013311231281349478,1
7805,08118,0.012926992551996364,1
7806,08119,0.012632625565697886,1
7807,08120,0.011734215529515701,1
7808,08121,0.010928589466182359,1
7809,08122,0.010468600043699539,1
7810,08123,0.009094676434618698,1
7811,08124,0.009538826959821556,1
7812,08125,0.0038279488141448326,1
7813,08126,0.0018948920765469168,1
7814,08127,0.0052251856508398475,1
7815,08128,0.01068109019547503,1
7816,08129,0.010604070599871562,1
7817,08130,0.018429107577466297,1
7818,08131,0.01954137122937194,1
7819,08132,0.016515035131747346,1
7820,08133,0.016150982640354528,1
7821,08134,0.017287592406225016,1
7822,08135,0.017794165385439875,1
7823,08136,0.016032840483584998,1
7824,08137,0.014469381723022146,1
7825,08138,0.014253937239002923,1
7826,08139,0.010935270850404244,1
7827,08140,0.006445688071511135,1
7828,08141,0.004194277267782098,1
7829,08142,0.002678250059048537,1
7830,08143,0.002684647849755528,1
7831,08144,0.0017695759551941137,1
7832,08145,0.0017148732684466594,1
7833,08146,0.0014936919651944436,0
7834,08147,0.004851776281096676,0
7835,08148,0.004769648372894508,0
7836,08149,0.007680000312586088,0
7837,08150,0.010650324357218466,0
7838,08151,0.012831712451609967,0
7839,08152,0.014662291408438222,0
7840,08153,0.014747240291404395,0
7841,08154,0.013955696401189321,0
7842,08155,0.0003949036709522957,0
7843,08156,0.00010071329785255045,0
7844,08157,8.514624689937023e-05,0
7845,08158,6.341886544447561e-05,0
7846,08159,0.007096732745910828,0
7847,08160,0.012153681962654872,0
7848,08161,0.013638012982036152,0
7849,08162,0.013983343265328685,0
7850,08163,0.013645980240054811,0
7851,08164,0.01292518374651408,0
7852,08165,0.01349758314855265,0
7853,08166,0.012345759941956302,0
7854,08167,0.012611489750187665,0
7855,08168,0.012773058153899619,0
7856,08169,0.011804972233404598,0
7857,08170,0.012543119809482306,0
7858,08171,0.012796707922549722,0
7859,08172,0.012865321769186089,0
7860,08173,0.012680180563523713,0
7861,08174,0.012388290123282353,0
7862,08175,0.014119574205054164,0
7863,08176,0.013593897980373804,1
7864,08177,0.013556522073273847,1
7865,08178,0.013648999971898057,1
7866,08179,0.01428333344212529,1
7867,08180,0.015076815499742935,1
7868,08181,0.015890166142523476,1
7869,08182,0.015142104431649983,1
7870,08183,0.014814274667514837,1
7871,08184,0.016846759580332993,1
7872,08185,0.023453480710314167,1
7873,08186,0.02291552910077943,1
7874,08187,0.019909394628390586,1
7875,08188,0.01996075596133373,1
7876,08189,0.013889821553416226,1
7877,08190,0.008279357385037045,1
7878,08191,0.00728512396205705,1
7879,08192,0.008190602580125272,1
7880,08193,0.008072612535788615,1
7881,08194,0.008996008608825434,1
7882,08195,0.005932868722586804,1
7883,08196,0.0028902832951942514,1
7884,08197,0.0016773212291516515,1
7885,08198,0.0019291773628538067,1
7886,08199,0.0015024069851898858,1
7887,08200,0.003098085724553279,1
7888,08201,0.002841431277776252,1
7889,08202,0.0034655584501646075,1
7890,08203,0.003440440882519269,1
7891,08204,0.0031164838320298927,1
7892,08205,0.0030436631379648915,0
7893,08206,0.001057096708851013,0
7894,08207,7.492718794654962e-05,0
7895,08208,7.008777919192966e-05,0
7896,08209,6.80167486075689e-05,0
7897,08210,0.008523716074538612,0
7898,08211,0.009815513847143187,0
7899,08212,0.012238769152188134,0
7900,08213,0.012226652746636368,0
7901,08214,0.01359332714171746,0
7902,08215,0.015056583932109291,0
7903,08216,0.014623790374837853,0
7904,08217,0.015109062410193275,0
7905,08218,0.014796485543109306,0
7906,08219,0.01558466649326462,0
7907,08220,0.014655344084677502,0
7908,08221,0.014135615260489232,0
7909,08222,0.014696526533491294,0
7910,08223,0.014527218721172908,0
7911,08224,0.015365241798781959,0
7912,08225,0.014318261323952086,0
7913,08226,0.013852807353796237,0
7914,08227,0.01418513233298846,0
7915,08228,0.013616324402976332,0
7916,08229,0.01394808537235015,0
7917,08230,0.01447880378257338,0
7918,08231,0.014329731659667999,1
7919,08232,0.014719199535704774,1
7920,08233,0.014240598819045047,1
7921,08234,0.015379640386372628,1
7922,08235,0.014862530143976649,1
7923,08236,0.015444329292945369,1
7924,08237,0.014982425700066138,1
7925,08238,0.014884270991886162,1
7926,08239,0.015657752180179507,1
7927,08240,0.01466208959130988,1
7928,08241,0.014403405628926613,1
7929,08242,0.014465705156837316,1
7930,08243,0.014885435485013865,1
7931,08244,0.014960141521254577,1
7932,08245,0.014613185228029124,1
7933,08246,0.014465538318651383,1
7934,08247,0.013675656653908241,1
7935,08248,0.013667778227937077,1
7936,08249,0.014689898970695836,1
7937,08250,0.01169724562044383,1
7938,08251,0.013090264899220827,1
7939,08252,0.012427684569198405,1
7940,08253,0.012499883719715221,1
7941,08254,0.014462379479410536,1
7942,08255,0.013108113250503095,1
7943,08256,0.012130025469474504,1
7944,08257,0.012092809781182545,1
7945,08258,0.012176675925105407,1
7946,08259,0.01205164861225505,1
7947,08260,0.012937879606112368,1
7948,08261,0.012670848025708281,1
7949,08262,0.012032135063485327,1
7950,08263,0.011757398053055645,1
7951,08264,0.012191635492116326,1
7952,08265,0.011501136027671777,1
7953,08266,0.011631657995337719,1
7954,08267,0.011644423289363992,1
7955,08268,0.011592141840689685,1
7956,08269,0.011334713199388169,1
7957,08270,0.012506043407147338,1
7958,08271,0.013001720291838659,1
7959,08272,0.012570091854325227,1
7960,08273,0.012399004671777014,1
7961,08274,0.012259236737737211,1
7962,08275,0.011916464344745137,1
7963,08276,0.010848988129527726,1
7964,08277,0.011603595385683008,1
7965,08278,0.011301085880862871,1
7966,08279,0.011768368483100033,1
7967,08280,0.01235479049080368,1
7968,08281,0.013304446722599117,1
7969,08282,0.011365599218046363,1
7970,08283,0.0115131131386903,1
7971,08284,0.011162658804100722,1
7972,08285,0.012192991690616495,1
7973,08286,0.013110912922457807,1
7974,08287,0.012850924918384798,1
7975,08288,0.012655278653467938,1
7976,08289,0.013580967904445629,1
7977,08290,0.011759373853686306,1
7978,08291,0.01138204266596432,1
7979,08292,0.011691800000288133,1
7980,08293,0.011463781101438641,1
7981,08294,0.011774864342094737,1
7982,08295,0.013290568269278324,1
7983,08296,0.011871881423267006,1
7984,08297,0.012072490546959358,1
7985,08298,0.012056384174429446,1
7986,08299,0.01217328213049651,1
7987,08300,0.01183764301853607,1
7988,08301,0.012001253883422436,1
7989,08302,0.01136151144122799,1
7990,08303,0.012395773755002004,1
7991,08304,0.013178146095185639,1
7992,08305,0.012323415541299454,1
7993,08306,0.011438895095088775,1
7994,08307,0.012330648062039984,1
7995,08308,0.012349208124227573,1
7996,08309,0.011972387824836339,1
7997,08310,0.010751049612918173,1
7998,08311,0.011570814883917535,1
7999,08312,0.011467513412688035,1
8000,08313,0.012659427889982311,1
8001,08314,0.012563969960992516,1
8002,08315,0.013095606396804627,1
8003,08316,0.011727228999252048,1
8004,08317,0.012129895491803211,1
8005,08318,0.012187239860527832,1
8006,08319,0.011451282738761392,1
8007,08320,0.011946463735951873,1
8008,08321,0.011401875893137792,1
8009,08322,0.011887396404194561,1
8010,08323,0.011909900399809992,1
8011,08324,0.011776080840459002,1
8012,08325,0.011375326501580574,1
8013,08326,0.012207637559317419,1
8014,08327,0.01177148276656137,1
8015,08328,0.012163607920026465,1
8016,08329,0.011940201524454075,1
8017,08330,0.011832588802622723,1
8018,08331,0.012533945074245878,1
8019,08332,0.014156235608143497,1
8020,08333,0.014457566901330487,1
8021,08334,0.013212538422876285,1
8022,08335,0.017311427355076958,1
8023,08336,0.017398064344555486,1
8024,08337,0.018759489099842597,1
8025,08338,0.018596027783843283,1
8026,08339,0.02012316074971565,1
8027,08340,0.020616165987112467,1
8028,08341,0.014498344518820261,1
8029,08342,0.020628666696814513,1
8030,08343,0.020697296036697566,1
8031,08344,0.020873686321391638,1
8032,08345,0.016208715673301732,1
8033,08346,0.0030972345735476026,1
8034,08347,0.007087134645164639,1
8035,08348,0.0074194295393823495,1
8036,08349,0.001327347203470275,1
8037,08350,0.011505290378904576,1
8038,08351,0.009958563299556467,1
8039,08352,0.009854922176824488,1
8040,08353,0.009963742961448752,1
8041,08354,0.01033294397570561,1
8042,08355,0.009404749559799974,1
8043,08356,0.008852079990714579,1
8044,08357,0.009207549768554202,1
8045,08358,0.009263109576728823,1
8046,08359,0.008226447286037164,1
8047,08360,0.00021263277520233714,1
8048,08361,0.00010970288875711276,1
8049,08362,0.0016593926312262752,1
8050,08363,0.001833721808560007,1
8051,08364,0.004234891912526351,1
8052,08365,0.014978354179206121,1
8053,08366,0.015553372061446247,1
8054,08367,0.016479740812680888,1
8055,08368,0.015919152017428218,1
8056,08369,0.01688779886392755,1
8057,08370,0.015548670006690024,1
8058,08371,0.017043738606500547,1
8059,08372,0.014977786719640562,0
8060,08373,0.015573385324702649,0
8061,08374,0.012968646452564236,0
8062,08375,0.014714047068839164,0
8063,08376,0.010452912108491752,0
8064,08377,0.006062383877870836,0
8065,08378,0.006316290924455181,0
8066,08379,0.0008311295618668169,0
8067,08380,0.0006391622006312048,0
8068,08381,0.00028851361134130116,0
8069,08382,0.0007541449331114336,0
8070,08383,0.0006275058644247267,0
8071,08384,0.008568179460428205,0
8072,08385,0.0006797728019298788,0
8073,08386,0.00024178543854791457,0
8074,08387,0.014286234800501951,0
8075,08388,0.014312000016063031,0
8076,08389,0.012713045420266411,0
8077,08390,0.013687392657778297,0
8078,08391,0.012799596236154898,0
8079,08392,0.01634813301266469,0
8080,08393,0.015450362445896815,0
8081,08394,0.015467767988505798,1
8082,08395,0.015144448674770494,1
8083,08396,0.016494093722520198,1
8084,08397,0.019637584205903558,1
8085,08398,0.019013272619875288,1
8086,08399,0.025354850548080954,1
8087,08400,0.027236382961284278,1
8088,08401,0.024098116642726986,1
8089,08402,0.02396045649946288,1
8090,08403,0.021989697755975257,1
8091,08404,0.01718698619536596,1
8092,08405,0.01649838412017779,1
8093,08406,0.015542354380269963,1
8094,08407,0.01635389469659021,1
8095,08408,0.014640784155372621,1
8096,08409,0.012769084402568076,1
8097,08410,0.01014991066304649,1
8098,08411,0.010653821428135757,1
8099,08412,0.010624430804003104,1
8100,08413,0.010101582514219665,1
8101,08414,0.01024197337995325,1
8102,08415,0.010451381230666357,1
8103,08416,0.011947256060834022,1
8104,08417,0.01179414535064538,1
8105,08418,0.012137205216481206,1
8106,08419,0.013247789960875167,1
8107,08420,0.013934789992074315,1
8108,08421,0.014278991466397883,1
8109,08422,0.01407386411382916,1
8110,08423,0.013996752746952446,1
8111,08424,0.015608987866709612,1
8112,08425,0.016007414407938292,1
8113,08426,0.016781116352783343,1
8114,08427,0.016894319470826424,1
8115,08428,0.017163287601565713,1
8116,08429,0.01838683419647058,1
8117,08430,0.02020120943643189,1
8118,08431,0.019779865323420687,1
8119,08432,0.02004934246667478,1
8120,08433,0.015030763874313458,1
8121,08434,0.01626063615159623,1
8122,08435,0.01870016771037264,1
8123,08436,0.016230367389577616,1
8124,08437,0.016278744998148298,1
8125,08438,0.015412216181960758,1
8126,08439,0.013521816058022829,1
8127,08440,0.015108948594394711,1
8128,08441,0.007335663965478467,1
8129,08442,0.007675810987970877,1
8130,08443,0.011415513336572758,1
8131,08444,0.01758942174980138,1
8132,08445,0.019316329642049546,1
8133,08446,0.017989010707106345,1
8134,08447,0.017376060047721964,1
8135,08448,0.012929767252288116,1
8136,08449,0.010000401999521458,1
8137,08450,0.00986604149677106,1
8138,08451,0.011333652986992071,1
8139,08452,0.011308890822381734,1
8140,08453,0.014031461635169329,1
8141,08454,0.014831868415264182,1
8142,08455,0.015475540954660083,1
8143,08456,0.01266919734264782,1
8144,08457,0.012123927466721973,1
8145,08458,0.014608619315843896,1
8146,08459,0.01669685365078344,1
8147,08460,0.01671869249652147,1
8148,08461,0.013880416609957535,1
8149,08462,0.013975057202409324,1
8150,08463,0.0162538858843142,1
8151,08464,0.01740689627777403,1
8152,08465,0.017459390872959446,1
8153,08466,0.017365249801367,1
8154,08467,0.017226261195999903,1
8155,08468,0.017485687039706654,1
8156,08469,0.01905886684410163,1
8157,08470,0.01784765654874665,1
8158,08471,0.02201695525876346,1
8159,08472,0.021987241525684098,1
8160,08473,0.022969117672241524,1
8161,08474,0.015147876902120494,1
8162,08475,0.008641308372921763,1
8163,08476,0.006671087549745103,1
8164,08477,0.0059969381780309305,1
8165,08478,0.008572369592520168,1
8166,08479,0.008436985692630294,1
8167,08480,0.008273016540869982,1
8168,08481,0.00905729707237235,1
8169,08482,0.009159425191837656,1
8170,08483,0.009837010009090541,1
8171,08484,0.005090132967536576,1
8172,08485,0.003427918694050014,1
8173,08486,0.0016486231539545315,1
8174,08487,0.002307874384689157,1
8175,08488,0.0008811215277599871,1
8176,08489,3.387729336257195e-05,1
8177,08490,0.00010269853977273868,1
8178,08491,0.0010997611531022855,1
8179,08492,0.0013437108377214457,1
8180,08493,0.001201396833200974,0
8181,08494,8.030920795931706e-05,0
8182,08495,0.00016443066480498203,0
8183,08496,0.00023073949487351086,0
8184,08497,0.00019945050684011534,0
8185,08498,0.0006730555973284424,0
8186,08499,0.0013050841343531516,0
8187,08500,0.0036381109152383573,0
8188,08501,0.007387130976464817,0
8189,08502,0.007849696227037128,0
8190,08503,0.010109229325182767,0
8191,08504,0.012007719338790857,0
8192,08505,0.011477274612841981,0
8193,08506,0.010635398794962114,0
8194,08507,0.010765268549718598,0
8195,08508,0.010410760998832203,0
8196,08509,0.009641912992493396,0
8197,08510,0.007977128628661845,0
8198,08511,0.007818183438197401,0
8199,08512,0.007937513787656059,0
8200,08513,0.007745675004439789,0
8201,08514,0.010145251419999113,0
8202,08515,0.011876373510261828,0
8203,08516,0.012382162477171832,0
8204,08517,0.013045703097986028,0
8205,08518,0.01264142662515333,0
8206,08519,0.013422400488729558,0
8207,08520,0.01424101372532327,0
8208,08521,0.014127754394005265,0
8209,08522,0.014086658277935982,0
8210,08523,0.015031930728573784,0
8211,08524,0.012525302412662143,0
8212,08525,0.013008076671352065,0
8213,08526,0.013920836957560745,0
8214,08527,0.013106309419783635,1
8215,08528,0.015545545645543335,1
8216,08529,0.026924380810989135,1
8217,08530,0.027945104051511294,1
8218,08531,0.029147689760131712,1
8219,08532,0.030951257244999475,1
8220,08533,0.029629250687880138,1
8221,08534,0.024941842219783794,1
8222,08535,0.027207350833598376,1
8223,08536,0.02679115724968284,1
8224,08537,0.02704253764167408,1
8225,08538,0.02647726544138429,1
8226,08539,0.018386228601749544,1
8227,08540,0.014674121478861935,1
8228,08541,0.01209846744967713,1
8229,08542,0.012049729268450271,1
8230,08543,0.008690557468958637,1
8231,08544,0.006763192408564933,1
8232,08545,0.007388200212537832,1
8233,08546,0.008585092863961918,1
8234,08547,0.008802080659519262,1
8235,08548,0.009766380003148889,1
8236,08549,0.0043788594220215415,1
8237,08550,0.00010981085688310799,1
8238,08551,9.284772726125823e-05,1
8239,08552,0.00010536014947337691,1
8240,08553,0.00012010145469432132,1
8241,08554,0.0012966747148848157,1
8242,08555,0.0006954040274207429,1
8243,08556,0.0037630767475986815,1
8244,08557,0.0034890380752523598,1
8245,08558,0.004296245963717915,1
8246,08559,0.010500459395973216,1
8247,08560,0.008323484536462367,1
8248,08561,0.009595349889488958,1
8249,08562,0.009148044395968391,1
8250,08563,0.008332837428890905,0
8251,08564,0.008676559125943228,0
8252,08565,0.007746416872480566,0
8253,08566,0.009555969952463883,0
8254,08567,0.008778033752794734,0
8255,08568,0.010193587949338223,0
8256,08569,0.009323515777429847,0
8257,08570,0.009768504517979615,0
8258,08571,0.011098458209129802,0
8259,08572,0.011566737068800848,0
8260,08573,0.011122349718911906,0
8261,08574,0.010206972901514177,0
8262,08575,0.006945109660108528,0
8263,08576,0.004874280971500333,0
8264,08577,0.004000218488250162,0
8265,08578,0.004351191562204981,0
8266,08579,0.006676308714058443,0
8267,08580,0.007500323832037914,0
8268,08581,0.006497066255855444,0
8269,08582,0.006702082764055817,0
8270,08583,0.0035676147608336706,0
8271,08584,0.00447656500063065,0
8272,08585,0.006346123369318946,0
8273,08586,0.008369829244666782,0
8274,08587,0.00820040111868181,0
8275,08588,0.009075138995980225,0
8276,08589,0.005820960461716318,0
8277,08590,0.0003425357277127006,0
8278,08591,0.004157418240092525,0
8279,08592,0.004381120752720236,0
8280,08593,0.0009065510683043954,0
8281,08594,0.0004443669344942336,0
8282,08595,0.0009010763965360269,0
8283,08596,0.0033953537382780397,0
8284,08597,0.0039848580135402045,0
8285,08598,0.00764664981882035,0
8286,08599,0.007360416003026948,0
8287,08600,0.008178097874976586,0
8288,08601,0.007089019535529317,0
8289,08602,0.007158485444112905,0
8290,08603,0.005524152264395177,0
8291,08604,0.0016630980739416046,0
8292,08605,0.0016840745160573434,0
8293,08606,0.0018201777490487459,0
8294,08607,0.002743845455174032,0
8295,08608,0.006523864906511356,0
8296,08609,0.009184703110641124,0
8297,08610,0.010880364073300619,0
8298,08611,0.011387469028949937,0
8299,08612,0.011361076096570777,0
8300,08613,0.01197281402845718,0
8301,08614,0.010332691609499456,0
8302,08615,0.009106605961706649,0
8303,08616,0.004414721618371864,0
8304,08617,0.004607182560662615,0
8305,08618,5.72980114155186e-05,0
8306,08619,0.005546076652694687,0
8307,08620,0.010743892264831523,0
8308,08621,0.01308993197205588,0
8309,08622,0.012672150119179548,0
8310,08623,0.017745040690178016,0
8311,08624,0.016336714677795072,0
8312,08625,0.010846320545285337,0
8313,08626,0.006747989437283941,0
8314,08627,0.005446484818489417,0
8315,08628,3.424767768667181e-05,0
8316,08629,0.0001373568679676751,0
8317,08630,0.0037732389773257324,0
8318,08631,0.004522333383423671,0
8319,08632,0.004349260989048531,0
8320,08633,0.007779970763624355,0
8321,08634,0.005710736313030651,0
8322,08635,0.005274597254794955,0
8323,08636,0.004563966374028894,0
8324,08637,0.003911042242433993,0
8325,08638,0.005401191910818781,0
8326,08639,0.0038068023662445327,0
8327,08640,0.0035889076300170686,0
8328,08641,0.0033475004881848847,0
8329,08642,0.003275411079432189,0
8330,08643,0.0026935339972551375,0
8331,08644,0.004045190973827495,0
8332,08645,0.007663167819386807,0
8333,08646,0.01135114272295823,0
8334,08647,0.011154641201456705,0
8335,08648,0.015315816420767625,0
8336,08649,0.018197144322020797,0
8337,08650,0.013095929305901421,0
8338,08651,0.01058352393141071,0
8339,08652,0.010406035856742157,0
8340,08653,0.009356223670708985,0
8341,08654,0.0084801877201226,0
8342,08655,0.006639414883450101,0
8343,08656,0.005864302850397074,0
8344,08657,0.006205397675246083,0
8345,08658,0.005019694637675265,0
8346,08659,0.004500619011878371,0
8347,08660,0.005136179723377765,0
8348,08661,0.0048329659077115394,0
8349,08662,0.004666935888633539,0
8350,08663,0.007495174562533791,0
8351,08664,0.004023563183173096,0
8352,08665,0.005288041363762375,0
8353,08666,0.0020616577650915957,0
8354,08667,0.0019441458886806373,0
8355,08668,0.0007502072102720803,0
8356,08669,0.002308719952470284,0
8357,08670,0.0031034341001241472,0
8358,08671,0.0031714534294025043,0
8359,08672,0.0059967081641394415,0
8360,08673,0.005660409993526017,0
8361,08674,0.007525375733188788,0
8362,08675,0.007657066301304916,0
8363,08676,0.00762169085279929,0
8364,08677,0.008867896723290691,0
8365,08678,0.00797372091243087,0
8366,08679,0.005208240632730288,0
8367,08680,0.004653758076085701,0
8368,08681,0.0047314792070967115,0
8369,08682,0.0034591578535732026,0
8370,08683,0.004074348208924938,0
8371,08684,0.006985777655027725,0
8372,08685,0.008356281724646308,0
8373,08686,0.008105141659919823,0
8374,08687,0.010862164526048268,0
8375,08688,0.012772629950137393,0
8376,08689,0.018216279994030415,0
8377,08690,0.01828716638248995,0
8378,08691,0.017275512345659827,0
8379,08692,0.016377352855553085,0
8380,08693,0.01389814820679991,0
8381,08694,0.012890272532660063,0
8382,08695,0.013208513265646538,0
8383,08696,0.013211582516795772,0
8384,08697,0.010460188670175619,0
8385,08698,0.008029129177753447,0
8386,08699,0.00669320611294566,0
8387,08700,0.008772724326934878,0
8388,08701,0.008708231937143651,0
8389,08702,0.00907017673609456,0
8390,08703,0.008266761906143394,0
8391,08704,0.0024810631888687595,0
8392,08705,0.0008016726816526543,0
8393,08706,0.0013011208040367706,0
8394,08707,0.001072418200921632,0
8395,08708,0.0032064356975949337,0
8396,08709,0.00967512215589128,0
8397,08710,0.010857125556379188,0
8398,08711,0.010945374087972581,0
8399,08712,0.009514971501670466,0
8400,08713,0.010287138615262315,0
8401,08714,0.0055500973497535355,0
8402,08715,0.005754618315402027,0
8403,08716,0.005578022285485318,0
8404,08717,0.005884592949557899,0
8405,08718,0.006584460429065686,0
8406,08719,0.0003122519214722175,0
8407,08720,0.00221495689685991,0
8408,08721,0.0022548750951854046,0
8409,08722,0.004733080780100707,0
8410,08723,0.0037628984892386086,0
8411,08724,0.003105385509605263,0
8412,08725,0.005776926172832653,0
8413,08726,0.00551604351859325,0
8414,08727,0.006558858891062336,0
8415,08728,0.008037116844930914,0
8416,08729,0.011097622657529449,0
8417,08730,0.011184973624384753,0
8418,08731,0.01130588598886284,0
8419,08732,0.009586844164154229,0
8420,08733,0.007680733990530264,0
8421,08734,0.0009614801014583563,0
8422,08735,0.00028305104918402435,0
8423,08736,4.110308244609229e-05,0
8424,08737,2.9967431618871387e-05,0
8425,08738,0.00016697286127698163,0
8426,08739,0.005088027538088902,0
8427,08740,0.005276095541020709,0
8428,08741,0.005086066444487614,0
8429,08742,0.002095600124838448,0
8430,08743,0.0002337259311824269,0
8431,08744,0.001909666723279635,0
8432,08745,0.003199960684669989,0
8433,08746,0.0031255917505781383,0
8434,08747,0.005183908818126248,0
8435,08748,0.007488082331485124,0
8436,08749,0.00699741601352688,0
8437,08750,0.006472815589376957,0
8438,08751,0.007327324935587853,0
8439,08752,0.007608089199915291,0
8440,08753,0.004690657038305623,0
8441,08754,0.006323149421535668,0
8442,08755,0.0033602927545368644,0
8443,08756,0.0035696405533522935,0
8444,08757,0.00602329120495515,0
8445,08758,0.0071604144132741965,0
8446,08759,0.007940495033294859,0
8447,08760,0.006806347678698366,0
8448,08761,0.005495880369021933,0
8449,08762,0.0030028085856219633,0
8450,08763,0.00028008338625884477,0
8451,08764,0.002140572597126855,0
8452,08765,0.0009813071569118037,0
8453,08766,0.0010667046868624297,0
8454,08767,0.005079081997626744,0
8455,08768,0.010801363302796574,0
8456,08769,0.011673658989598934,0
8457,08770,0.0006595768527333234,0
8458,08771,0.0022609955477559396,0
8459,08772,0.0009200138233973476,0
8460,08773,0.0004314526709610078,0
8461,08774,0.0014270084827359142,0
8462,08775,0.00043480027275855093,0
8463,08776,0.0017236760468639645,0
8464,08777,0.0002828809823878231,0
8465,08778,0.004860319690557446,0
8466,08779,0.0011194459907617471,0
8467,08780,0.002261379914494377,0
8468,08781,0.0015868349384096092,0
8469,08782,0.0018590697507425702,0
8470,08783,0.00013388938057712352,0
8471,08784,0.0007589329464554595,0
8472,08785,0.0008514291239691829,0
8473,08786,0.0006200480462030811,0
8474,08787,0.0013860636193481213,0
8475,08788,0.0005829427892978245,0
8476,08789,0.00741388507775298,0
8477,08790,0.00855225960338224,0
8478,08791,0.00864663850083236,0
8479,08792,0.010153844116851829,0
8480,08793,0.008480331614030945,0
8481,08794,0.007133144014226822,0
8482,08795,0.007854235533343079,0
8483,08796,0.00772861297410099,0
8484,08797,0.004513307879947526,0
8485,08798,0.003464285402991152,0
8486,08799,0.0042559033821572,0
8487,08800,0.005645295708677445,0
8488,08801,0.006088267912585543,0
8489,08802,0.011358560290333664,0
8490,08803,0.014927689121929433,0
8491,08804,0.01583781055029032,0
8492,08805,0.01625414315385232,0
8493,08806,0.015929168650559156,0
8494,08807,0.014478910507523146,0
8495,08808,0.013965707453975185,0
8496,08809,0.012638702166722027,0
8497,08810,0.008881639114505901,0
8498,08811,0.00901600765215882,0
8499,08812,0.006501779234517002,0
8500,08813,0.004751735279962865,0
8501,08814,0.004609386210691291,0
8502,08815,0.0036534283892635244,0
8503,08816,0.0036852113953917964,0
8504,08817,0.0035206548358583944,0
8505,08818,0.0034363487680115767,0
8506,08819,0.0035590156630567193,0
8507,08820,0.005503345054822084,0
8508,08821,0.005515100217207802,0
8509,08822,0.005053462413059151,0
8510,08823,0.0067416907495720935,0
8511,08824,0.006265476176528395,0
8512,08825,0.008156634737382262,0
8513,08826,0.0080179253932533,0
8514,08827,0.007532230240619775,0
8515,08828,0.0061192002651058175,0
8516,08829,0.0001022122086773436,0
8517,08830,4.646479857139951e-05,0
8518,08831,6.20944377169863e-05,0
8519,08832,0.00031797096554786464,0
8520,08833,0.007626569592376953,0
8521,08834,0.019628066687411128,0
8522,08835,0.018632217593788525,0
8523,08836,0.01858010558793577,0
8524,08837,0.01810902019508287,0
8525,08838,0.01546091638944258,0
8526,08839,0.00497361078331604,0
8527,08840,0.0043948339469288555,0
8528,08841,0.00399537003707362,0
8529,08842,0.00610508608206306,0
8530,08843,0.006291737648136397,0
8531,08844,0.00576630182945248,0
8532,08845,0.004773979163226194,0
8533,08846,0.004681552004916156,0
8534,08847,0.00244503024394227,0
8535,08848,0.000209859760645692,0
8536,08849,0.005453839317606679,0
8537,08850,0.007396993314278788,0
8538,08851,0.007464964184479506,0
8539,08852,0.006179922047211406,0
8540,08853,0.0033759292380297623,0
8541,08854,0.000277920850319191,0
8542,08855,0.00028391775875835634,0
8543,08856,0.00019456060430211863,0
8544,08857,0.0002345655897864063,0
8545,08858,0.0001823318983085187,0
8546,08859,0.003709032137541257,0
8547,08860,0.007714564812824065,0
8548,08861,0.007803890059181029,0
8549,08862,0.00805390355852964,0
8550,08863,0.0033676151643078356,0
8551,08864,0.00019333538009913553,0
8552,08865,8.892725156428583e-05,0
8553,08866,9.461958826406658e-05,0
8554,08867,0.0002480052044129266,0
8555,08868,0.0032994268018269324,0
8556,08869,0.003888712967988539,0
8557,08870,0.007188999802597351,0
8558,08871,0.007390245014295971,0
8559,08872,0.012129416697908901,0
8560,08873,0.009436287423824297,0
8561,08874,0.008350013573804382,0
8562,08875,0.007115073100537828,0
8563,08876,0.007064441384646791,0
8564,08877,0.006857687205187091,0
8565,08878,0.00716972620078149,0
8566,08879,0.007790382276454011,0
8567,08880,0.010260069571796926,0
8568,08881,0.0099335036273267,0
8569,08882,0.010530673249123268,0
8570,08883,0.01277146796268358,0
8571,08884,0.011546792262162597,0
8572,08885,0.01014989420049428,0
8573,08886,0.010168977775192545,0
8574,08887,0.008562408623587814,0
8575,08888,0.008039576139817761,0
8576,08889,0.008682786501314155,0
8577,08890,0.00994850912556089,0
8578,08891,0.009116442444081052,0
8579,08892,0.010783938288622785,0
8580,08893,0.012378624746500755,0
8581,08894,0.011808922168392577,0
8582,08895,0.015706045860278017,0
8583,08896,0.015495856190934632,0
8584,08897,0.017664105195343893,0
8585,08898,0.017626254537712605,0
8586,08899,0.01945098387427535,1
8587,08900,0.01817888945370605,1
8588,08901,0.01871646513043146,1
8589,08902,0.017437738396299807,1
8590,08903,0.012112659902711265,1
8591,08904,0.01078593706980957,1
8592,08905,0.009526680434735368,1
8593,08906,0.010044316808309972,1
8594,08907,0.007978025688802681,1
8595,08908,0.006982481468335244,1
8596,08909,0.008238879360128237,1
8597,08910,0.008522285788626682,1
8598,08911,0.008610582551843216,1
8599,08912,0.0074111194698955885,1
8600,08913,0.0011477528900654121,1
8601,08914,0.00014245938844492656,1
8602,08915,0.0005922232507549197,1
8603,08916,0.0008331963593297687,1
8604,08917,0.002604324119168666,0
8605,08918,0.008024585815713081,0
8606,08919,0.006953548571919654,0
8607,08920,0.00600858601576526,0
8608,08921,0.005504720228139526,0
8609,08922,0.005686857166132597,0
8610,08923,0.008067705226871169,0
8611,08924,0.011033622674688992,0
8612,08925,0.008754346964908066,0
8613,08926,0.008595549469664121,0
8614,08927,0.008883298582722965,0
8615,08928,0.008626438361888589,0
8616,08929,0.009277953238942871,0
8617,08930,0.0074198765285427015,0
8618,08931,0.007365166922456368,0
8619,08932,0.003394756609867322,0
8620,08933,0.0001592361031033107,0
8621,08934,8.614785555938198e-05,0
8622,08935,0.00012001557883145608,0
8623,08936,0.0005050073959083079,0
8624,08937,0.004159960315405442,0
8625,08938,0.008324977697467872,0
8626,08939,0.009062285536827197,0
8627,08940,0.00933551965860513,0
8628,08941,0.009053112774245697,0
8629,08942,0.009667239545262163,0
8630,08943,0.009684255060203206,0
8631,08944,0.011772819507458898,0
8632,08945,0.01173798991043462,0
8633,08946,0.013727930414351164,0
8634,08947,0.01637284480058021,0
8635,08948,0.02102286766646877,0
8636,08949,0.021999388207309956,0
8637,08950,0.022298766268184167,0
8638,08951,0.02244802296869519,0
8639,08952,0.022352462049542332,0
8640,08953,0.023215672461712522,1
8641,08954,0.02380512706797422,1
8642,08955,0.023758526858035367,1
8643,08956,0.02194663306878386,1
8644,08957,0.021531210983003035,1
8645,08958,0.021620461465491125,1
8646,08959,0.02117623230907384,1
8647,08960,0.020623376869679966,1
8648,08961,0.02218621583287117,1
8649,08962,0.021111738791923962,1
8650,08963,0.02093066913950903,1
8651,08964,0.01893743064771858,1
8652,08965,0.01867935763538231,1
8653,08966,0.016641666745934813,1
8654,08967,0.011551224094712431,1
8655,08968,0.008233460683607419,1
8656,08969,0.008242963506581269,1
8657,08970,0.008397785667133562,1
8658,08971,0.007694463101025839,1
8659,08972,0.007358396613403428,1
8660,08973,0.005886503781352026,1
8661,08974,0.006954635236227524,1
8662,08975,0.005998657408511576,1
8663,08976,0.006835438326850074,1
8664,08977,0.005969788563203515,1
8665,08978,0.005574749996112516,1
8666,08979,0.006341555272980415,1
8667,08980,0.006100413817518913,1
8668,08981,0.005393441233713325,1
8669,08982,0.006865936591357702,1
8670,08983,0.0069577671627882864,1
8671,08984,0.006667235547029193,1
8672,08985,0.006626187821164642,1
8673,08986,0.0076865353578838835,1
8674,08987,0.008953735131102647,1
8675,08988,0.010763759598922285,1
8676,08989,0.011864670913921849,1
8677,08990,0.012117562323187059,0
8678,08991,0.011772897490568646,0
8679,08992,0.01213916059119402,0
8680,08993,0.008319043525374603,0
8681,08994,0.0076374971738619735,0
8682,08995,0.007473097329281586,0
8683,08996,0.0037783349680555744,0
8684,08997,0.001266501918541607,0
8685,08998,0.000255000948462758,0
8686,08999,0.0025530727407305776,0
8687,09000,0.0029722370739797555,0
8688,09001,0.00428407646642448,0
8689,09002,0.00760317086596185,0
8690,09003,0.011377346978864722,0
8691,09004,0.010396976423902693,0
8692,09005,0.010487894313970791,0
8693,09006,0.010944289780756122,0
8694,09007,0.011851154807018816,0
8695,09008,0.011153555209943988,0
8696,09009,0.011898043183467877,0
8697,09010,0.01182990346343793,0
8698,09011,0.009626324446569079,0
8699,09012,0.005213920493223334,0
8700,09013,7.446355107187941e-05,0
8701,09014,5.699008941562056e-05,0
8702,09015,6.355884206588058e-05,0
8703,09016,8.080463970294716e-05,0
8704,09017,6.487716708036828e-05,0
8705,09018,0.0008601337746725335,0
8706,09019,0.003986454093283243,0
8707,09020,0.0035389632901576817,0
8708,09021,0.004976383184774669,0
8709,09022,0.007818576982091763,0
8710,09023,0.0026224783189778833,0
8711,09024,0.00032286357848221314,0
8712,09025,0.00046723053865260766,0
8713,09026,0.00010681702766479617,0
8714,09027,8.469370624730743e-05,0
8715,09028,0.0002824743188529766,0
8716,09029,0.0039864985492510385,0
8717,09030,0.00426888184823504,0
8718,09031,0.010064174784409907,0
8719,09032,0.011283422785501429,0
8720,09033,0.010283939450119739,0
8721,09034,0.010836081793399899,0
8722,09035,0.009975537873676998,0
8723,09036,0.01156658707631486,0
8724,09037,0.010075850953501941,0
8725,09038,0.006397605216057478,0
8726,09039,0.007640456046281052,0
8727,09040,0.007671013520119452,0
8728,09041,0.009994701285076069,0
8729,09042,0.010831057360565666,0
8730,09043,0.010906074988770165,0
8731,09044,0.012754364455136447,0
8732,09045,0.013096082709991741,0
8733,09046,0.0133123067230283,0
8734,09047,0.013896629278090877,0
8735,09048,0.0148944158672899,0
8736,09049,0.014462867709926996,0
8737,09050,0.014359191109786451,0
8738,09051,0.013897931425689514,0
8739,09052,0.014634906788266733,0
8740,09053,0.015039583050598715,0
8741,09054,0.015606079118774652,0
8742,09055,0.015250713405464467,0
8743,09056,0.012179674402928775,1
8744,09057,0.011161642013683526,1
8745,09058,0.007752800001425975,1
8746,09059,0.0026274049374190867,1
8747,09060,0.0024459048700631314,1
8748,09061,0.0009687309147974332,1
8749,09062,0.0010016310698039987,1
8750,09063,0.0051213289462532785,0
8751,09064,0.010831668494041935,0
8752,09065,0.010785785802126746,1
8753,09066,0.012966427073779485,1
8754,09067,0.014560055688670914,1
8755,09068,0.015873795984150618,1
8756,09069,0.018910136460775995,1
8757,09070,0.018970175189071625,1
8758,09071,0.01762319388575584,1
8759,09072,0.01569503511843262,1
8760,09073,0.015123631157366368,1
8761,09074,0.015991588210568786,1
8762,09075,0.01597580686333888,1
8763,09076,0.01880871571213394,1
8764,09077,0.023582836464354884,1
8765,09078,0.025018244602146744,1
8766,09079,0.02190965929701516,1
8767,09080,0.022280789611540897,1
8768,09081,0.011317259788379275,1
8769,09082,0.00639358927152589,1
8770,09083,0.005809726883281741,1
8771,09084,0.007874995386232264,1
8772,09085,0.0078017072897660356,1
8773,09086,0.009646375673672658,1
8774,09087,0.010394510204974061,1
8775,09088,0.008572702446148384,1
8776,09089,0.007986847586099799,1
8777,09090,0.008051031992051705,1
8778,09091,0.006515729609194665,1
8779,09092,0.005640218436639977,1
8780,09093,0.0024560536600386484,1
8781,09094,0.001350067950126821,1
8782,09095,0.0017709774052967475,1
8783,09096,0.002710849152995465,1
8784,09097,0.0022751983898441352,1
8785,09098,0.00021400717309916217,1
8786,09099,0.0001140656078311153,1
8787,09100,0.00011167185683458314,0
8788,09101,7.680553624478392e-05,0
8789,09102,0.0008417932487523316,0
8790,09103,0.008396150973484673,0
8791,09104,0.010182020100022449,0
8792,09105,0.010173664354030443,0
8793,09106,0.011157580016964985,0
8794,09107,0.011245250041016064,0
8795,09108,0.010240681705982801,0
8796,09109,0.01094192726677079,0
8797,09110,0.011116271544771017,0
8798,09111,0.01042533487020414,0
8799,09112,0.011429804208451522,0
8800,09113,0.010242765623384997,0
8801,09114,0.011062492618625797,0
8802,09115,0.011686065210862573,0
8803,09116,0.010736035734113969,0
8804,09117,0.008361305180153877,0
8805,09118,0.00013094190753815127,0
8806,09119,3.757268989534879e-05,0
8807,09120,9.27194730184766e-05,0
8808,09121,0.00060797202481222,0
8809,09122,0.0011428213535635834,0
8810,09123,0.007701816670073747,0
8811,09124,0.009294544376276193,0
8812,09125,0.009046661752890373,0
8813,09126,0.009614880731247943,0
8814,09127,0.009997256755611694,0
8815,09128,0.009220076277101974,0
8816,09129,0.008774447769495985,0
8817,09130,0.008450380358731913,0
8818,09131,0.008326291661737706,0
8819,09132,0.007846801510202894,0
8820,09133,0.0073488846364284655,0
8821,09134,0.006400861963228088,0
8822,09135,0.006511117006455791,0
8823,09136,0.005334196263713231,0
8824,09137,0.0001134348157378895,0
8825,09138,0.003971734284584194,0
8826,09139,0.007715023498082729,0
8827,09140,0.007737479367993849,0
8828,09141,0.010895141383397089,0
8829,09142,0.011992364144665757,0
8830,09143,0.007429263948886877,0
8831,09144,0.00554970249189779,0
8832,09145,0.005484635078306432,0
8833,09146,0.006458730813376334,0
8834,09147,0.007404173298410477,0
8835,09148,0.008516673171848232,0
8836,09149,0.009329326872903998,0
8837,09150,0.009067869172629806,0
8838,09151,0.009735494576724513,0
8839,09152,0.011783953337889841,0
8840,09153,0.014547193933872826,0
8841,09154,0.0185049587113868,0
8842,09155,0.01855989393083224,0
8843,09156,0.019224871268154864,0
8844,09157,0.019502567208515842,0
8845,09158,0.02170088806608117,0
8846,09159,0.020914285108692532,0
8847,09160,0.020382818544415926,1
8848,09161,0.022268474057280052,1
8849,09162,0.02115256131162191,1
8850,09163,0.017056113470031775,1
8851,09164,0.014509367541323925,1
8852,09165,0.014136003814552822,1
8853,09166,0.013904788796065048,1
8854,09167,0.014118398306909974,1
8855,09168,0.009570901071751514,1
8856,09169,0.007960397604686698,1
8857,09170,0.008418930098073929,1
8858,09171,0.007379247999887539,1
8859,09172,0.0077303765346838915,1
8860,09173,0.004313633567826436,1
8861,09174,0.0062020210461337655,1
8862,09175,0.0060875332955765415,1
8863,09176,0.006157455426656355,1
8864,09177,0.0068249515814882145,1
8865,09178,0.008272443101455806,1
8866,09179,0.007290093989193558,1
8867,09180,0.007356935953338528,1
8868,09181,0.006155855179669878,1
8869,09182,0.00512267206565209,1
8870,09183,0.008623576861257476,1
8871,09184,0.008852071572174935,1
8872,09185,0.009644037824156904,1
8873,09186,0.009789328034798928,1
8874,09187,0.01014062032013996,1
8875,09188,0.010933087415047282,1
8876,09189,0.010141079122758967,1
8877,09190,0.010193716083177762,0
8878,09191,0.008896057582050254,0
8879,09192,0.007365478845175133,0
8880,09193,0.004577788001810745,0
8881,09194,0.0009806761693997856,0
8882,09195,0.001182672654751471,0
8883,09196,0.001370253128356147,0
8884,09197,0.00041570836151993973,0
8885,09198,0.004158669645899948,0
8886,09199,0.0033801823341272907,0
8887,09200,0.00331591451144142,0
8888,09201,0.0033228530772531073,0
8889,09202,0.0038332954409376896,0
8890,09203,0.003992320634155,0
8891,09204,0.004050549116270119,0
8892,09205,0.007457298996688344,0
8893,09206,0.011035972469326083,0
8894,09207,0.01345311896710566,0
8895,09208,0.002806967636436397,0
8896,09209,0.002368392357928073,0
8897,09210,0.0001925080305360538,0
8898,09211,5.35761836184534e-05,0
8899,09212,9.442598938314006e-05,0
8900,09213,0.0006751870844956542,0
8901,09214,0.0010828022109468094,0
8902,09215,0.004229725745801716,0
8903,09216,0.008108082731647315,0
8904,09217,0.008743858206228694,0
8905,09218,0.010685272417111591,0
8906,09219,0.010299480552059315,0
8907,09220,0.011155267511395728,0
8908,09221,0.011825616120720639,0
8909,09222,0.013146391768029453,0
8910,09223,0.012954653133687266,0
8911,09224,0.012868122079218836,0
8912,09225,0.014049349717341286,0
8913,09226,0.011749992981259005,0
8914,09227,0.011488146591074333,0
8915,09228,0.012035830431324612,0
8916,09229,0.011432254846178935,0
8917,09230,0.0118797433972615,0
8918,09231,0.010342495942093244,0
8919,09232,0.010612884505214915,0
8920,09233,0.011617672123056089,0
8921,09234,0.011559038010962475,0
8922,09235,0.011066708046093332,0
8923,09236,0.012544498533753945,0
8924,09237,0.014519183240133238,0
8925,09238,0.01493447982637175,0
8926,09239,0.015193276575581116,0
8927,09240,0.015436172912407287,0
8928,09241,0.01556622155136722,1
8929,09242,0.012266026567159471,1
8930,09243,0.006269864461493135,1
8931,09244,0.005618586003190984,1
8932,09245,0.0025602451083051037,1
8933,09246,0.002534486971791594,1
8934,09247,0.0012268710395142435,1
8935,09248,0.0014149421472824386,1
8936,09249,0.0012428565807161007,1
8937,09250,0.005552455575845272,0
8938,09251,0.009825494007804636,0
8939,09252,0.013041573435095266,0
8940,09253,0.011170676603011742,0
8941,09254,0.011022491883013075,0
8942,09255,0.013480474810085852,0
8943,09256,0.01368625190320838,0
8944,09257,0.014089349249763572,0
8945,09258,0.019755247449825042,1
8946,09259,0.021637815515126668,1
8947,09260,0.018547267277144286,1
8948,09261,0.010355976023029179,1
8949,09262,0.0001730392642569356,1
8950,09263,5.7366510567646856e-05,0
8951,09264,5.8091827511930205e-05,0
8952,09265,0.004343462697842249,0
8953,09266,0.007561265185036525,0
8954,09267,0.008014403492837552,0
8955,09268,0.004058770940012835,0
8956,09269,0.00407244868986556,0
8957,09270,0.005561726548134693,0
8958,09271,0.007368182094524833,0
8959,09272,0.00983428640952777,0
8960,09273,0.011782431513316816,0
8961,09274,0.011383377963483987,0
8962,09275,0.011495428771608474,0
8963,09276,0.010456330551305903,0
8964,09277,0.009003242567085401,0
8965,09278,0.008268444030190558,0
8966,09279,0.008247600434559743,0
8967,09280,0.007756642442127593,0
8968,09281,0.006647767104148272,0
8969,09282,0.006070019203032295,0
8970,09283,0.006334721931477105,0
8971,09284,0.00471494643671555,0
8972,09285,0.005611604970011008,0
8973,09286,0.006309489053201389,0
8974,09287,0.007736196894797764,0
8975,09288,0.012966686450770482,0
8976,09289,0.01247930650802953,0
8977,09290,0.01525241968213642,0
8978,09291,0.015735337703779884,0
8979,09292,0.01619716124497117,0
8980,09293,0.014154294130125145,0
8981,09294,0.014486209924621463,0
8982,09295,0.014736171715583168,0
8983,09296,0.01428083247289802,0
8984,09297,0.011712169360837521,0
8985,09298,0.008938795370574404,0
8986,09299,0.008960480300595819,0
8987,09300,0.008641599709504177,0
8988,09301,0.009091778364828329,0
8989,09302,0.0010818253020508095,0
8990,09303,0.0013666912251215635,0
8991,09304,0.001008951947830461,0
8992,09305,0.012977708144368272,0
8993,09306,0.017791966743729404,0
8994,09307,0.01939786649415076,0
8995,09308,0.01625700705864208,0
8996,09309,0.01613626572888549,1
8997,09310,0.016286047609487042,1
8998,09311,0.013261292143760706,1
8999,09312,0.011223426182392693,1
9000,09313,0.013168610548827786,1
9001,09314,0.013066330525738579,1
9002,09315,0.014236213655165031,1
9003,09316,0.011815578887999223,1
9004,09317,0.010412950075859406,1
9005,09318,0.0018587238800140682,1
9006,09319,0.0014119074429812528,1
9007,09320,0.005820171194725887,1
9008,09321,0.007590632016836629,1
9009,09322,0.0015843748585755435,1
9010,09323,0.0006592850129250039,0
9011,09324,0.00040457420255979315,0
9012,09325,0.0002900103500529383,0
9013,09326,0.00018415775102642584,0
9014,09327,0.0002387515513371241,0
9015,09328,6.088538641257912e-05,0
9016,09329,3.813470237279404e-05,0
9017,09330,7.898199291922481e-05,0
9018,09331,0.00021984894693805046,0
9019,09332,0.0001950810112933965,0
9020,09333,0.00027979391606791637,0
9021,09334,0.0003040739348030286,0
9022,09335,0.00046259273630688824,0
9023,09336,0.005040585510854179,0
9024,09337,0.0052154355967957144,0
9025,09338,0.009139830366079238,0
9026,09339,0.009150772075861902,0
9027,09340,0.016168310040789002,0
9028,09341,0.019199610487694585,0
9029,09342,0.021315726323413386,0
9030,09343,0.027030134373911885,0
9031,09344,0.026785405816481145,0
9032,09345,0.027913034040881968,0
9033,09346,0.02980266558154021,0
9034,09347,0.030850076030878526,0
9035,09348,0.03079778546246814,0
9036,09349,0.031436151420493275,0
9037,09350,0.028792183900644197,1
9038,09351,0.028810527569773647,1
9039,09352,0.02962785433135906,1
9040,09353,0.027559266703565122,1
9041,09354,0.028011675872917863,1
9042,09355,0.027516299274928713,1
9043,09356,0.025849803877339816,1
9044,09357,0.025708596228862568,1
9045,09358,0.026009333237087873,1
9046,09359,0.025368602733759182,1
9047,09360,0.021445899656456824,1
9048,09361,0.02348592923880588,1
9049,09362,0.02196947173901087,1
9050,09363,0.020036131410300584,1
9051,09364,0.020059325956965246,1
9052,09365,0.018433328867748067,1
9053,09366,0.018138203956318044,1
9054,09367,0.018090184189472502,1
9055,09368,0.028006853413920396,1
9056,09369,0.026576980206776568,1
9057,09370,0.027711029509900342,1
9058,09371,0.027281012937762306,1
9059,09372,0.021580090498432902,1
9060,09373,0.02081857057179448,1
9061,09374,0.020934334790198683,1
9062,09375,0.01860996621232136,1
9063,09376,0.018256190043878462,1
9064,09377,0.015837512190012504,1
9065,09378,0.014606901102768077,1
9066,09379,0.014889196537232863,1
9067,09380,0.011507522725129782,1
9068,09381,0.008801826507426114,1
9069,09382,0.004897402050198174,1
9070,09383,0.0011645113361895554,1
9071,09384,0.0011064118151544733,1
9072,09385,0.000493234980303292,1
9073,09386,0.004899568711635105,1
9074,09387,0.008321576865335523,1
9075,09388,0.006770645776381201,1
9076,09389,0.006658123685018502,1
9077,09390,0.0022079102173444554,1
9078,09391,0.0007346993293850801,1
9079,09392,0.005068992361242586,1
9080,09393,0.015438598650540314,1
9081,09394,0.015913838496184773,1
9082,09395,0.018650862769113985,1
9083,09396,0.01765577803924767,1
9084,09397,0.018667928397573696,1
9085,09398,0.011847827991259052,1
9086,09399,0.011654880038659776,1
9087,09400,0.009768853337593697,1
9088,09401,0.007756001433668835,1
9089,09402,0.008880379761777135,1
9090,09403,0.010704791987405038,1
9091,09404,0.011126485803578667,0
9092,09405,0.010607086533543253,0
9093,09406,0.009235410196251514,0
9094,09407,0.007872652961302684,0
9095,09408,0.008837760732472333,0
9096,09409,0.009162168175045338,0
9097,09410,0.009641782404607113,0
9098,09411,0.009833514319600667,0
9099,09412,0.010393725983854907,0
9100,09413,0.010816419653504106,0
9101,09414,0.011070748717723511,0
9102,09415,0.011876812619258104,0
9103,09416,0.009766457544565732,0
9104,09417,0.008254286755779106,0
9105,09418,0.012684676263732264,1
9106,09419,0.012648558872649929,1
9107,09420,0.015433065201538199,1
9108,09421,0.01638325384280037,1
9109,09422,0.014461802902493659,1
9110,09423,0.010030555108417438,1
9111,09424,0.010220191008688317,1
9112,09425,0.009515005380138497,1
9113,09426,0.009668685177639524,1
9114,09427,0.009367684833894607,1
9115,09428,0.010794903149416335,1
9116,09429,0.010821876332228086,1
9117,09430,0.01089581236392867,1
9118,09431,0.010980090525165132,1
9119,09432,0.01397177719941567,1
9120,09433,0.014995229642316588,1
9121,09434,0.015558419836297688,1
9122,09435,0.014432389050875294,1
9123,09436,0.013603368152937279,1
9124,09437,0.012138781932003795,1
9125,09438,0.01096765437985514,1
9126,09439,0.011129398234468013,1
9127,09440,0.011591405309846259,1
9128,09441,0.010533174833073922,1
9129,09442,0.010404655514985706,1
9130,09443,0.009260423389839012,1
9131,09444,0.009481264413440549,1
9132,09445,0.008936906409329204,1
9133,09446,0.008088302870881137,1
9134,09447,0.007804519594690973,1
9135,09448,0.008597313307483034,1
9136,09449,0.008554824156099983,1
9137,09450,0.009779550870032239,1
9138,09451,0.009878945278302353,1
9139,09452,0.009524698982114721,1
9140,09453,0.00796455862530987,1
9141,09454,0.007891352658319306,1
9142,09455,0.008278399445314832,1
9143,09456,0.009501342244308653,1
9144,09457,0.007328850743710369,1
9145,09458,0.0001904540711361591,0
9146,09459,0.00010851931220656752,0
9147,09460,8.941810508034109e-05,0
9148,09461,0.0001993532501165518,0
9149,09462,0.0003299944326737858,0
9150,09463,0.003329645606562792,0
9151,09464,0.0034645176099958874,0
9152,09465,0.0054157759518087545,0
9153,09466,0.0075483605126311915,0
9154,09467,0.007855732131943682,0
9155,09468,0.007384868719811699,0
9156,09469,0.009741012110570324,0
9157,09470,0.009348801142244234,0
9158,09471,0.00973959317403228,0
9159,09472,0.009996510056124563,0
9160,09473,0.009469023642231456,0
9161,09474,0.009644211484613585,0
9162,09475,0.008328237670209404,0
9163,09476,0.008431562939641424,0
9164,09477,0.007252594683098579,0
9165,09478,0.008124108221186255,0
9166,09479,0.00022591148190986843,0
9167,09480,0.0001094165351753773,0
9168,09481,0.00012288073098698504,0
9169,09482,0.004646404950376493,0
9170,09483,0.004882777391190807,0
9171,09484,0.005931089603387285,0
9172,09485,0.007664636075911169,0
9173,09486,0.010031809552585536,0
9174,09487,0.011368766143260878,0
9175,09488,0.010308042661814731,0
9176,09489,0.01096481062345589,0
9177,09490,0.01330239796564836,0
9178,09491,0.00978033397692002,0
9179,09492,0.008943147556897735,0
9180,09493,0.008631643701964009,0
9181,09494,0.007511298479688122,0
9182,09495,0.00517413873306527,0
9183,09496,0.0011229537068517814,0
9184,09497,0.0014173310832932273,0
9185,09498,0.0012654941271206255,0
9186,09499,0.0011535276509553327,0
9187,09500,0.003623421173855945,0
9188,09501,0.00733068580723284,0
9189,09502,0.008768238708286802,0
9190,09503,0.008388669216976119,0
9191,09504,0.008720497963850882,0
9192,09505,0.008592346835199827,0
9193,09506,0.002316893883839377,0
9194,09507,0.0023825471933678344,0
9195,09508,0.0017148529901716003,0
9196,09509,0.0018816520287945337,0
9197,09510,0.0030320678707767,0
9198,09511,0.009222455112027461,0
9199,09512,0.010298686874250507,0
9200,09513,0.01041625780913602,0
9201,09514,0.015991206292945037,0
9202,09515,0.018848740096550465,0
9203,09516,0.019013293204428017,0
9204,09517,0.01628878968201697,0
9205,09518,0.016074646623082778,0
9206,09519,0.014608550470493142,0
9207,09520,0.017098682986800284,0
9208,09521,0.016481041443767275,0
9209,09522,0.016124513268937157,0
9210,09523,0.016279044320095082,0
9211,09524,0.01620174099430738,0
9212,09525,0.014444135460180973,0
9213,09526,0.007346166736609483,0
9214,09527,0.0031362094468461166,0
9215,09528,0.003501992434142842,0
9216,09529,0.001061154221238425,0
9217,09530,0.0002467763061586581,0
9218,09531,4.5599885544866936e-05,0
9219,09532,0.004677779077502997,0
9220,09533,0.005438014923798029,0
9221,09534,0.00939075227643471,0
9222,09535,0.019469481309998926,0
9223,09536,0.024527011997092174,1
9224,09537,0.02375719052559422,1
9225,09538,0.02298187117281625,1
9226,09539,0.021633174889883477,1
9227,09540,0.02092182816261179,1
9228,09541,0.019402820726800662,1
9229,09542,0.017640346908111226,1
9230,09543,0.017401745494216136,1
9231,09544,0.01492089407996744,1
9232,09545,0.014486294950940781,1
9233,09546,0.01591394995211992,1
9234,09547,0.014591739573956097,1
9235,09548,0.01499233073050732,1
9236,09549,0.013998842312049398,1
9237,09550,0.014789295859396034,1
9238,09551,0.01365335045367555,1
9239,09552,0.012644405568126516,1
9240,09553,0.012047552834872022,1
9241,09554,0.010764143518487757,1
9242,09555,0.010279034330567427,1
9243,09556,0.010258318164328983,1
9244,09557,0.010917029367349507,1
9245,09558,0.010763369280961221,1
9246,09559,0.010640218164343018,1
9247,09560,0.0111889192059067,1
9248,09561,0.010194846924648004,1
9249,09562,0.00922396082829735,1
9250,09563,0.009327651051806995,1
9251,09564,0.0074890603635067166,1
9252,09565,0.007734100380266007,1
9253,09566,0.003870158623978881,1
9254,09567,0.0030433470963577847,1
9255,09568,0.0032697119556557297,1
9256,09569,0.00768354792025594,1
9257,09570,0.012547174619367496,1
9258,09571,0.013201695016276105,1
9259,09572,0.01176881442886657,1
9260,09573,0.011740543781324497,1
9261,09574,0.013860848015951888,1
9262,09575,0.012051404320489567,1
9263,09576,0.010675704437402622,1
9264,09577,0.009961346575888541,1
9265,09578,0.009780721639229384,0
9266,09579,0.009553691003745257,0
9267,09580,0.011186696115242256,0
9268,09581,0.011944323130118839,0
9269,09582,0.01262035023373631,0
9270,09583,0.01228406022677131,0
9271,09584,0.012791836531442335,0
9272,09585,0.01199742264603465,0
9273,09586,0.010834420269203449,0
9274,09587,0.011026186801735172,0
9275,09588,0.01197548530368664,0
9276,09589,0.011240907069880457,0
9277,09590,0.011535009457968037,0
9278,09591,0.012043380421156158,0
9279,09592,0.011778356573604043,1
9280,09593,0.011389960276976474,1
9281,09594,0.011280934355621497,1
9282,09595,0.011795867448042507,1
9283,09596,0.011287303501903878,1
9284,09597,0.009462295076537508,1
9285,09598,0.009938425833935227,1
9286,09599,0.009655793502139964,1
9287,09600,0.008876185690260385,1
9288,09601,0.010451799563051978,1
9289,09602,0.010554232707400857,1
9290,09603,0.010572418970410169,1
9291,09604,0.010124438984156825,1
9292,09605,0.01118967034047369,1
9293,09606,0.013698252751514595,1
9294,09607,5.709644935603109e-05,1
9295,09608,4.434906849670739e-05,1
9296,09609,4.3560387013918955e-05,0
9297,09610,0.008690907726852437,0
9298,09611,0.011035933175780777,0
9299,09612,0.014310010112919436,0
9300,09613,0.013107436204191636,0
9301,09614,0.013038764642375966,0
9302,09615,0.011133680143060154,0
9303,09616,0.01207310335537759,0
9304,09617,0.012328022622413393,0
9305,09618,0.012354518999383224,0
9306,09619,0.012135956350400434,0
9307,09620,0.012208294693690114,0
9308,09621,0.014106429387213737,0
9309,09622,0.013307965893900153,0
9310,09623,0.012638654978574415,1
9311,09624,0.019689325661417456,1
9312,09625,0.01887465065016336,1
9313,09626,0.01395808469072346,1
9314,09627,0.012557768368673727,1
9315,09628,0.01252418237206765,1
9316,09629,0.009380177970730763,1
9317,09630,0.008421064811569678,1
9318,09631,0.008895453975470424,1
9319,09632,0.010770707611233554,1
9320,09633,0.010419428040187917,1
9321,09634,0.01361962469815925,1
9322,09635,0.01227300141102372,1
9323,09636,0.008395026390765281,1
9324,09637,0.005046402076626322,1
9325,09638,0.004999948246712904,1
9326,09639,0.0031772810392656226,1
9327,09640,0.0010072729743360043,1
9328,09641,0.0004062758476957029,1
9329,09642,0.00039156082730240627,1
9330,09643,0.00038673358448715334,0
9331,09644,0.0002308414721339247,0
9332,09645,0.00010914366601788572,0
9333,09646,0.0031286720626271247,0
9334,09647,0.0042197767404372755,0
9335,09648,0.004226502422492118,0
9336,09649,0.00670002580555451,0
9337,09650,0.009346137007521627,0
9338,09651,0.013920037813713648,0
9339,09652,0.014463677402041242,0
9340,09653,0.014789107905934351,0
9341,09654,0.01577857494951118,0
9342,09655,0.019719920972846694,0
9343,09656,0.02462637013905411,0
9344,09657,0.02483700420163526,0
9345,09658,0.025123440761229965,0
9346,09659,0.025560190322652332,0
9347,09660,0.027411698905360105,1
9348,09661,0.026216796332128922,1
9349,09662,0.02745832939403048,1
9350,09663,0.02678385191196231,1
9351,09664,0.026140527180881,1
9352,09665,0.027303922485804044,1
9353,09666,0.02323262089855671,1
9354,09667,0.022330519718448016,1
9355,09668,0.022916966414515905,1
9356,09669,0.019176861968464465,1
9357,09670,0.015839806381426236,1
9358,09671,0.014288448032271361,1
9359,09672,0.014276407953023096,1
9360,09673,0.013838119377014735,1
9361,09674,0.012654051085846163,1
9362,09675,0.014053512077016883,1
9363,09676,0.012689874454011374,1
9364,09677,0.012153471195615495,1
9365,09678,0.01260294025998121,1
9366,09679,0.007948288052179286,1
9367,09680,0.0001685876622739002,1
9368,09681,0.0003911764885646818,1
9369,09682,0.00013340196970013096,1
9370,09683,9.738595389485738e-05,1
9371,09684,0.00017541068437232354,1
9372,09685,0.00322860059614527,1
9373,09686,0.01016388132690782,1
9374,09687,0.011968558503652638,1
9375,09688,0.011979265155014573,1
9376,09689,0.014176671245643924,1
9377,09690,0.01658947880631878,1
9378,09691,0.01634412645139882,1
9379,09692,0.010989709312102747,1
9380,09693,0.010855038945545736,1
9381,09694,0.006927934973086636,1
9382,09695,0.004272651366539648,1
9383,09696,0.009089853048425134,1
9384,09697,0.012157298198153477,1
9385,09698,0.012194512416518144,0
9386,09699,0.010165456226564729,0
9387,09700,0.0072577000834810335,0
9388,09701,0.005734920602506577,0
9389,09702,0.005617456627690309,0
9390,09703,0.0058462360789111045,0
9391,09704,0.004715568884975596,0
9392,09705,0.005210825220075321,0
9393,09706,0.006740083300512012,0
9394,09707,0.007262057939983357,0
9395,09708,0.007151362244714576,0
9396,09709,0.004913596011987487,0
9397,09710,0.003513849547722714,0
9398,09711,0.0056935645258962,0
9399,09712,0.006661460755933213,0
9400,09713,0.0066545008476381895,0
9401,09714,0.0074234546661022804,0
9402,09715,0.006946544141232636,0
9403,09716,0.006081332160599473,0
9404,09717,0.001580452531041665,0
9405,09718,0.0012225957161673406,0
9406,09719,8.224959797598075e-05,0
9407,09720,8.508138520380015e-05,0
9408,09721,0.0016417541232236488,0
9409,09722,0.0037494120922367813,0
9410,09723,0.0031643471497782016,0
9411,09724,0.0035464870598955756,0
9412,09725,0.004088290978376818,0
9413,09726,0.0001826839573446648,0
9414,09727,4.874276099631203e-05,0
9415,09728,4.980549930255762e-05,0
9416,09729,0.00017760231892705036,0
9417,09730,0.003938004109762083,0
9418,09731,0.007715161337324972,0
9419,09732,0.00817070389566421,0
9420,09733,0.007893754336337544,0
9421,09734,0.008319040164980862,0
9422,09735,0.00850321097389628,0
9423,09736,0.009511122725890608,0
9424,09737,0.009529486152822564,0
9425,09738,0.009019365947114721,0
9426,09739,0.011276402176283895,0
9427,09740,0.01088909718134179,0
9428,09741,0.011880623819600089,0
9429,09742,0.01120224070308673,0
9430,09743,0.010993469366626485,0
9431,09744,0.012526260809625711,0
9432,09745,0.011053200593273083,0
9433,09746,0.008429652502160323,0
9434,09747,0.008122388042391293,0
9435,09748,0.0022210058478684402,0
9436,09749,3.1101386865017844e-05,0
9437,09750,6.300798369007765e-05,0
9438,09751,0.0066113547458321875,0
9439,09752,0.006843886794738907,0
9440,09753,0.009897674781215393,0
9441,09754,0.010477157658298708,0
9442,09755,0.01054796494595589,0
9443,09756,0.010931879968096858,0
9444,09757,0.011486877177127042,0
9445,09758,0.011062195754099058,0
9446,09759,0.011204005812154527,0
9447,09760,0.011640293543411673,0
9448,09761,0.008855417103534435,0
9449,09762,0.008829177163229396,0
9450,09763,0.006258970195177405,0
9451,09764,0.0054044483425474965,0
9452,09765,0.005906572009075184,0
9453,09766,0.007077648297650008,0
9454,09767,0.007240948549556592,0
9455,09768,0.008840567299161606,0
9456,09769,0.012916232753304335,0
9457,09770,0.012871106147045452,0
9458,09771,0.007770565166779875,0
9459,09772,0.0076356678938465095,0
9460,09773,0.0063262082664401476,0
9461,09774,0.0076376813794043485,0
9462,09775,0.007211565953245902,0
9463,09776,0.004935058117827573,0
9464,09777,0.00498419900724123,0
9465,09778,0.004340886485390882,0
9466,09779,0.004390408124420375,0
9467,09780,0.0040817153967473985,0
9468,09781,0.008725468693597804,0
9469,09782,0.00874571555610526,0
9470,09783,0.013142538733523779,0
9471,09784,0.016579517177930825,0
9472,09785,0.02055452492570442,0
9473,09786,0.030514268974030756,0
9474,09787,0.0299271248623052,0
9475,09788,0.03139005650762616,1
9476,09789,0.03184172879112168,1
9477,09790,0.03121554434584617,1
9478,09791,0.028363209863032424,1
9479,09792,0.0287612745493524,1
9480,09793,0.023857164061927172,1
9481,09794,0.01839826960921087,1
9482,09795,0.016251877238925516,1
9483,09796,0.013358801556128341,1
9484,09797,0.013327648817866411,1
9485,09798,0.015190459738559703,1
9486,09799,0.0165171723687072,1
9487,09800,0.017452007199751485,1
9488,09801,0.019126133407894486,1
9489,09802,0.0195126448377696,1
9490,09803,0.021435966114199623,1
9491,09804,0.02171364948084431,1
9492,09805,0.021938715273138953,1
9493,09806,0.021729928939062226,1
9494,09807,0.02145732455926641,1
9495,09808,0.01912941291974235,1
9496,09809,0.017892370484738684,1
9497,09810,0.01693463084330027,1
9498,09811,0.018013107344572177,1
9499,09812,0.018104375189670563,1
9500,09813,0.01705625738863592,1
9501,09814,0.016708805415555084,1
9502,09815,0.016393398865049313,1
9503,09816,0.017786712911873614,1
9504,09817,0.01683024630718677,1
9505,09818,0.01823042770923866,1
9506,09819,0.018192961107242667,1
9507,09820,0.018042329875709306,1
9508,09821,0.017213280083847593,1
9509,09822,0.01646753841777482,1
9510,09823,0.01727763091397083,1
9511,09824,0.017513128740932693,1
9512,09825,0.017139441789253418,1
9513,09826,0.016283265278437042,1
9514,09827,0.016265331839052877,1
9515,09828,0.016965637100351927,1
9516,09829,0.016666552966149162,1
9517,09830,0.016563572139960847,1
9518,09831,0.015785214718887275,1
9519,09832,0.015776595535720972,1
9520,09833,0.015350537459370983,1
9521,09834,0.016404704890485178,1
9522,09835,0.017511526796228694,1
9523,09836,0.016452915423133874,1
9524,09837,0.016635375234501204,1
9525,09838,0.014812628177486964,1
9526,09839,0.016746962909927277,1
9527,09840,0.016571044278803626,1
9528,09841,0.01585327908027878,1
9529,09842,0.01545254810383323,1
9530,09843,0.016789107040850126,1
9531,09844,0.016404633066773755,1
9532,09845,0.01707186465437438,1
9533,09846,0.01480794773159122,1
9534,09847,0.014461882474921417,1
9535,09848,0.016059551146137885,1
9536,09849,0.015734202484685156,1
9537,09850,0.01684836091643227,1
9538,09851,0.01338667372960245,1
9539,09852,0.016509455322438527,1
9540,09853,0.016367632867273052,1
9541,09854,0.016002197395749818,1
9542,09855,0.015009710094835427,1
9543,09856,0.014140123454119191,1
9544,09857,0.013823502697024814,1
9545,09858,0.014126874156946023,1
9546,09859,0.013645323241185281,1
9547,09860,0.013890118840934385,1
9548,09861,0.015328597150678469,1
9549,09862,0.015536635153416967,1
9550,09863,0.015621921737927202,1
9551,09864,0.014658572633925893,1
9552,09865,0.01475255409438958,1
9553,09866,0.022493890991374776,1
9554,09867,0.023171506886239257,1
9555,09868,0.023269436395625398,1
9556,09869,0.019868678305924092,1
9557,09870,0.01699871663073793,1
9558,09871,0.014049997303067663,1
9559,09872,0.014352132160493802,1
9560,09873,0.01273714546361937,1
9561,09874,0.012230457540913342,1
9562,09875,0.01165398805828044,1
9563,09876,0.015670524884021653,1
9564,09877,0.015037333966406052,1
9565,09878,0.01932570232189157,1
9566,09879,0.01486752950410164,1
9567,09880,0.012586828583668996,1
9568,09881,0.01052706570514772,1
9569,09882,0.010749980638185441,1
9570,09883,0.010021376577592278,1
9571,09884,0.00974349424764931,1
9572,09885,0.009416947696839983,1
9573,09886,0.008297607299137866,1
9574,09887,0.008895045332126372,1
9575,09888,0.010475360647939524,1
9576,09889,0.009605495373878448,1
9577,09890,0.008856653341323906,1
9578,09891,0.008791833855621434,1
9579,09892,0.008791443155750756,1
9580,09893,0.010796604790686004,1
9581,09894,0.011323571367948482,1
9582,09895,0.013071037634396987,1
9583,09896,0.01368957007525573,1
9584,09897,0.013577692750576631,1
9585,09898,0.01654550517899267,1
9586,09899,0.01577761288926549,1
9587,09900,0.016492347848164002,1
9588,09901,0.016568769911223136,1
9589,09902,0.0164985424280486,1
9590,09903,0.01437228280711178,1
9591,09904,0.014192016945109742,1
9592,09905,0.012150936172091953,1
9593,09906,0.011143449147242634,1
9594,09907,0.011531148284657178,1
9595,09908,0.010484331659312396,1
9596,09909,0.01116676328426891,1
9597,09910,0.010217731400903318,1
9598,09911,0.010758486845321436,1
9599,09912,0.010518894127368839,1
9600,09913,0.00968084842635708,1
9601,09914,0.01072859643166968,1
9602,09915,0.007847682733778782,1
9603,09916,0.007797507546621674,1
9604,09917,0.008317878015694724,1
9605,09918,0.008985829946666968,1
9606,09919,0.008890973091016718,1
9607,09920,0.009022498349608554,1
9608,09921,0.006111434664457072,1
9609,09922,0.006076646936061358,1
9610,09923,0.0031161431038579934,1
9611,09924,0.0012557365694858547,1
9612,09925,0.004367735000373685,1
9613,09926,0.0053896057749422965,0
9614,09927,0.005907630312027123,0
9615,09928,0.005975924594823212,0
9616,09929,0.00590477011858237,0
9617,09930,0.0009197165708156874,0
9618,09931,0.00014818653009562865,0
9619,09932,0.0001490434015369857,0
9620,09933,0.00016041264041621872,0
9621,09934,0.00017933445064244324,0
9622,09935,0.00030928880029623684,0
9623,09936,0.001610537528084599,0
9624,09937,0.0007204318057283388,0
9625,09938,0.002158190933984727,0
9626,09939,0.005131382167217424,0
9627,09940,0.005462903008885078,0
9628,09941,0.004786393978403858,0
9629,09942,0.0050109974590784034,0
9630,09943,0.004692767001865938,0
9631,09944,0.006033116348446832,0
9632,09945,0.0048211829867774725,0
9633,09946,0.0051605939769476805,0
9634,09947,0.005482400964753609,0
9635,09948,0.008508919641696977,0
9636,09949,0.009762026392897916,0
9637,09950,0.00794417607183906,0
9638,09951,0.01070220611978634,0
9639,09952,0.011264002482286983,0
9640,09953,0.012041759916229466,0
9641,09954,0.01071807087178378,0
9642,09955,0.013710018180407069,0
9643,09956,0.014026107442148827,0
9644,09957,0.013168724180653513,0
9645,09958,0.015920654018535707,0
9646,09959,0.01670297297563028,0
9647,09960,0.018587661546054512,0
9648,09961,0.0194204936826905,0
9649,09962,0.018886271324841886,0
9650,09963,0.01902577676637396,0
9651,09964,0.017879116931488248,0
9652,09965,0.01752865650390767,0
9653,09966,0.01860895358380521,1
9654,09967,0.017541987038742768,1
9655,09968,0.016642841822148924,1
9656,09969,0.014028540692459401,1
9657,09970,0.013444460842838346,1
9658,09971,0.01424753337136142,1
9659,09972,0.014122671697907485,1
9660,09973,0.012329317880816149,1
9661,09974,0.013634267889807816,1
9662,09975,0.012758873040924712,1
9663,09976,0.012925609134771143,1
9664,09977,0.01277566682051745,1
9665,09978,0.011393981379409723,1
9666,09979,0.01119553178316579,1
9667,09980,0.009201419158900492,1
9668,09981,0.008487597186560336,1
9669,09982,0.008904340505987207,1
9670,09983,0.00681535173789527,1
9671,09984,0.0075974536069596255,1
9672,09985,0.007013411264827241,1
9673,09986,0.005617319424630729,1
9674,09987,0.005872365033569693,1
9675,09988,0.004573660125451795,1
9676,09989,0.003871098466536438,1
9677,09990,0.0033137632389443894,1
9678,09991,0.0035463205216776927,1
9679,09992,0.0035502643564297998,1
9680,09993,0.0021642252362363834,1
9681,09994,0.0025763130716791593,0
9682,09995,0.0003319600949653889,0
9683,09996,0.00018020806331886519,0
9684,09997,0.0001257119553139674,0
9685,09998,0.0003632132291757628,0
9686,09999,0.004203620483374415,0
9687,10000,0.0017395034204445992,0
9688,10001,0.0021706656205218167,0
9689,10002,0.0009472113973529872,0
9690,10003,0.0003124065375796903,0
9691,10004,0.0003675336809232377,0
9692,10005,0.0007282126387799792,0
9693,10006,0.00047051813162646283,0
9694,10007,0.0002564738919597076,0
9695,10008,0.00025993853546246726,0
9696,10009,0.00012069399719560892,0
9697,10010,0.0031138447620824294,0
9698,10011,0.00019656850641514012,0
9699,10012,0.003427847731845901,0
9700,10013,0.006108019877293813,0
9701,10014,0.007609018462146011,0
9702,10015,0.007931436357437427,0
9703,10016,0.008137484717390286,0
9704,10017,0.008930852427449842,0
9705,10018,0.007777457881524619,0
9706,10019,0.00843678294744965,0
9707,10020,0.008093972201987931,0
9708,10021,0.008147077169472716,0
9709,10022,0.0070314083593476795,0
9710,10023,0.007702867520862355,0
9711,10024,0.007600143005292104,0
9712,10025,0.007683281911547546,0
9713,10026,0.007604225156982558,0
9714,10027,0.007180202944771175,0
9715,10028,0.00840826199225031,0
9716,10029,0.00800080020126348,0
9717,10030,0.008842556538828816,0
9718,10031,0.008271763478585825,0
9719,10032,0.009073602224583865,0
9720,10033,0.009564977442663825,0
9721,10034,0.009355648275811923,0
9722,10035,0.00946257858558841,0
9723,10036,0.009376998687338656,0
9724,10037,0.009674280310801642,0
9725,10038,0.0097265970666216,0
9726,10039,0.009071998704246909,0
9727,10040,0.009982426819805212,0
9728,10041,0.010090095669268884,0
9729,10042,0.01013564241034004,0
9730,10043,0.008617087192029693,0
9731,10044,0.00023584089195516356,0
9732,10045,2.0109543548585407e-05,0
9733,10046,1.9106957041437056e-05,0
9734,10047,7.89946829442556e-05,0
9735,10048,0.007970478429135675,0
9736,10049,0.010266993245889644,0
9737,10050,0.0045596354045702725,0
9738,10051,0.004416547468518495,0
9739,10052,0.0014772253869956842,0
9740,10053,0.0031199213012813587,0
9741,10054,0.004798970142550374,0
9742,10055,0.008800227878442257,0
9743,10056,0.008413244240951023,0
9744,10057,0.011728207942786284,0
9745,10058,0.009143897058662809,0
9746,10059,0.010346541385406027,0
9747,10060,0.012226971558823685,0
9748,10061,0.012177911791038554,0
9749,10062,0.010392385428692918,0
9750,10063,0.0079624877841038,0
9751,10064,0.00695808589734348,0
9752,10065,0.0066701421459258725,0
9753,10066,0.0066069913148778525,0
9754,10067,0.007156679900505836,0
9755,10068,0.0063880062666425985,0
9756,10069,0.006491991799039809,0
9757,10070,0.008823825865805546,0
9758,10071,0.008375746215461,0
9759,10072,0.007518653571515266,0
9760,10073,0.009284742208089725,0
9761,10074,0.010189382865899432,0
9762,10075,0.009315684965835125,0
9763,10076,0.009709291773188689,0
9764,10077,0.010487695430704491,0
9765,10078,0.010831549922968975,0
9766,10079,0.01060611059077754,0
9767,10080,0.012007133714280194,0
9768,10081,0.011283174954958675,0
9769,10082,0.011055267935696556,0
9770,10083,0.010728200566838986,0
9771,10084,0.009411167608164739,0
9772,10085,0.007469241845903696,0
9773,10086,0.0072661788738379585,0
9774,10087,0.00010620615554746138,0
9775,10088,0.00011941301615259192,0
9776,10089,0.006944755412929382,0
9777,10090,0.010302630070030183,0
9778,10091,0.010229801261247395,0
9779,10092,0.010279162753622728,0
9780,10093,0.00011730800706377664,0
9781,10094,9.382761119969274e-05,0
9782,10095,7.605707729307909e-05,0
9783,10096,0.00011014723224533896,0
9784,10097,9.457211474828142e-05,0
9785,10098,4.712180319899062e-05,0
9786,10099,0.0008714135366423292,0
9787,10100,8.324312612639773e-05,0
9788,10101,8.64490331240475e-05,0
9789,10102,0.0001190433371824895,0
9790,10103,0.013729912661641919,0
9791,10104,0.0186178692371195,0
9792,10105,0.021913438579334255,0
9793,10106,0.021817570967004762,0
9794,10107,0.022988683369511875,0
9795,10108,0.024909147144059673,0
9796,10109,0.026003557585297266,0
9797,10110,0.025622045323538956,0
9798,10111,0.02548707871542799,0
9799,10112,0.0249328637232491,0
9800,10113,0.022681692300164258,1
9801,10114,0.022946450242349314,1
9802,10115,0.018956177866620294,1
9803,10116,0.019079364557567757,1
9804,10117,0.018831914401757466,1
9805,10118,0.01799884147101949,1
9806,10119,0.020168248200531202,1
9807,10120,0.01958954830641968,1
9808,10121,0.019190417685769567,1
9809,10122,0.01826542677103582,1
9810,10123,0.009662751126886526,1
9811,10124,0.008399121371795104,1
9812,10125,0.0069202813511095584,1
9813,10126,0.006704166313100224,1
9814,10127,0.0032385753304229326,1
9815,10128,0.0002317983900903542,1
9816,10129,0.001114345337425604,1
9817,10130,0.000888181653804665,1
9818,10131,0.001022131352120148,1
9819,10132,0.000187909386568208,1
9820,10133,0.00013404540999495396,1
9821,10134,6.468907342238595e-05,1
9822,10135,8.097893562197811e-05,1
9823,10136,8.956509570356985e-05,1
9824,10137,9.768995829073646e-05,1
9825,10138,0.005464167373524731,1
9826,10139,0.007082189997733579,1
9827,10140,0.010144423559278692,0
9828,10141,0.009380328403183924,0
9829,10142,0.010567793870277953,0
9830,10143,0.014699440512703887,0
9831,10144,0.017114236896905055,0
9832,10145,0.016184572039010803,0
9833,10146,0.016827347746467325,0
9834,10147,0.01282329577662722,0
9835,10148,0.010728584197863711,0
9836,10149,0.011149220170688423,0
9837,10150,0.0071767121262329425,0
9838,10151,0.0070654731837249685,0
9839,10152,0.0032907151557060033,0
9840,10153,0.005367249939475016,0
9841,10154,0.009184404200893503,0
9842,10155,0.013389732517003594,0
9843,10156,0.01472590561677567,0
9844,10157,0.02157656204950964,0
9845,10158,0.025110601086422157,0
9846,10159,0.024721321184906664,0
9847,10160,0.02217802773782296,0
9848,10161,0.022181376481762882,1
9849,10162,0.017728496349051603,1
9850,10163,0.012079077235942037,1
9851,10164,0.00016682613005336577,1
9852,10165,7.178850753852828e-05,1
9853,10166,6.234366932478252e-05,1
9854,10167,0.00012441870941604094,1
9855,10168,0.0038409755653212585,1
9856,10169,0.0037332763039445993,1
9857,10170,0.00016609076291107527,1
9858,10171,0.00016685709263430937,1
9859,10172,0.00027231317479170514,1
9860,10173,0.00015337574222229478,0
9861,10174,0.0002946751990311469,0
9862,10175,0.0013042555359916719,0
9863,10176,0.001281675489051004,0
9864,10177,0.0021014961458769577,0
9865,10178,0.0002142502654871592,0
9866,10179,0.00031500202636802754,0
9867,10180,0.00045616879845944425,0
9868,10181,0.0003091677957414163,0
9869,10182,0.0014280300936775348,0
9870,10183,0.00033017815511815485,0
9871,10184,0.0015741874612054119,0
9872,10185,0.000817873695348581,0
9873,10186,0.0008210542864031112,0
9874,10187,0.0020544212473705414,0
9875,10188,0.0037852477891631153,0
9876,10189,0.005878247081660959,0
9877,10190,0.005566683634270042,0
9878,10191,0.0052163869057508805,0
9879,10192,0.00921353895381749,0
9880,10193,0.01541779057368231,0
9881,10194,0.015213351717333623,0
9882,10195,0.018262523496439087,0
9883,10196,0.01854497485534523,0
9884,10197,0.017189676900789763,0
9885,10198,0.017958268150772838,0
9886,10199,0.01817807801229776,0
9887,10200,0.016660496738092334,0
9888,10201,0.015632794291380314,0
9889,10202,0.012696111268503785,0
9890,10203,0.012699562050281443,0
9891,10204,0.009869360702391639,0
9892,10205,0.010686971176373739,0
9893,10206,0.010697306395612394,0
9894,10207,0.008792115433339909,0
9895,10208,0.006938935930541845,0
9896,10209,0.004597320059500198,0
9897,10210,0.002770371074742428,0
9898,10211,0.002192708586266079,0
9899,10212,0.003196958471424871,0
9900,10213,0.007037131860952783,0
9901,10214,0.008532200550115832,0
9902,10215,0.009811272461819343,0
9903,10216,0.009476173000481758,0
9904,10217,0.01024457022404146,1
9905,10218,0.010424472668199236,1
9906,10219,0.010643989983458724,1
9907,10220,0.010111629109644582,1
9908,10221,0.00975597281913565,1
9909,10222,0.012056614308243674,1
9910,10223,0.016726181603931245,1
9911,10224,0.01726138207328276,1
9912,10225,0.018735141800426902,1
9913,10226,0.019149093975131315,1
9914,10227,0.015453090308103157,1
9915,10228,0.01366971919804616,1
9916,10229,0.014203409763104524,1
9917,10230,0.014589739479591302,1
9918,10231,0.015315995356139034,1
9919,10232,0.016190962285916655,1
9920,10233,0.013167508870199462,1
9921,10234,0.01352548691312272,1
9922,10235,0.011417734541336877,1
9923,10236,0.011432009105992513,1
9924,10237,0.011177821317960301,1
9925,10238,0.00904740344456556,1
9926,10239,0.005344303160259578,1
9927,10240,0.0009923735847721105,1
9928,10241,0.0006280963469658118,1
9929,10242,0.00220060828792068,1
9930,10243,0.003818552294247546,1
9931,10244,0.007789502552153493,1
9932,10245,0.010799177700817175,1
9933,10246,0.01086334252069765,1
9934,10247,0.01538776697352695,1
9935,10248,0.016704107168811433,1
9936,10249,0.019698882528716766,1
9937,10250,0.02362880080223473,1
9938,10251,0.023050482313279552,1
9939,10252,0.022693276070462787,1
9940,10253,0.022420178469146457,1
9941,10254,0.02187459552626958,1
9942,10255,0.026180945534574285,1
9943,10256,0.0264093691510201,1
9944,10257,0.026751325429660078,1
9945,10258,0.022073090420883013,1
9946,10259,0.01136518642878137,1
9947,10260,0.011831171275899166,1
9948,10261,0.012017804222105077,1
9949,10262,0.013157417617454925,1
9950,10263,0.014804434720462112,1
9951,10264,0.01419542643748617,1
9952,10265,0.012646157842426398,1
9953,10266,0.012186699881516994,1
9954,10267,0.012505462976547754,1
9955,10268,0.005388795346193298,1
9956,10269,8.7210505657076e-05,1
9957,10270,0.00010717340456345426,1
9958,10271,5.757129108019399e-05,1
9959,10272,0.00026344643596853956,1
9960,10273,0.010580895281873559,1
9961,10274,0.01040426505706904,1
9962,10275,0.01072134952449666,1
9963,10276,0.010077391125219215,1
9964,10277,0.009636106513212006,1
9965,10278,0.010440421619446916,1
9966,10279,0.01105567829687093,1
9967,10280,0.010885533811470616,1
9968,10281,0.011187776496182522,1
9969,10282,0.012656998450937706,1
9970,10283,0.011827994126218044,1
9971,10284,0.0111289283338456,1
9972,10285,0.012005112754898128,1
9973,10286,0.012178207678327446,1
9974,10287,0.012180281324626563,0
9975,10288,0.011683600330088417,0
9976,10289,0.011702461943039921,0
9977,10290,0.011564545110203994,0
9978,10291,0.012153539648913636,0
9979,10292,0.0013232838001959735,0
9980,10293,3.825489717179664e-05,0
9981,10294,0.002380499172106809,0
9982,10295,0.0021367379145438292,0
9983,10296,0.004321964040930659,0
9984,10297,0.002651480464578526,0
9985,10298,0.00015251311983544014,0
9986,10299,7.742466872784348e-05,0
9987,10300,6.455417624806614e-05,0
9988,10301,9.219855179143366e-05,0
9989,10302,0.00025351694168573857,0
9990,10303,0.0013354765700279714,0
9991,10304,0.0022181292376597384,0
9992,10305,0.0026806448005451955,0
9993,10306,0.0017077155814622103,0
9994,10307,0.0005512999727681489,0
9995,10308,0.003004356532890995,0
9996,10309,0.00311457718285979,0
9997,10310,0.0030941246114188914,0
9998,10311,0.005487470879330658,0
9999,10312,0.00567223332760225,0
10000,10313,0.007707707919965223,0
10001,10314,0.005115332279746809,0
10002,10315,0.005374785433946094,0
10003,10316,0.001255966884051496,0
10004,10317,5.510323439139597e-05,0
10005,10318,0.00011039023811143522,0
10006,10319,6.922672382003725e-05,0
10007,10320,0.00012007460283669502,0
10008,10321,7.639354118804675e-05,0
10009,10322,6.3643843608574e-05,0
10010,10323,0.00016271544880641642,0
10011,10324,0.005409806158303887,0
10012,10325,0.005950242936944683,0
10013,10326,0.009078001316995987,0
10014,10327,0.009804256114300358,0
10015,10328,0.01019841947835598,0
10016,10329,0.009635108072584053,0
10017,10330,0.010030690298687972,0
10018,10331,0.01048498074339932,0
10019,10332,0.008855963150950608,0
10020,10333,0.008513844522396674,0
10021,10334,0.009648068167840584,0
10022,10335,0.010330947424604275,0
10023,10336,0.006798881667608114,0
10024,10337,0.0008720212376669423,0
10025,10338,0.0018712442775550286,0
10026,10339,0.001358189578107627,0
10027,10340,0.0013246943874261063,0
10028,10341,0.0018524088750657697,0
10029,10342,0.005041493757377502,0
10030,10343,0.005604336881053662,0
10031,10344,0.0024659497042529566,0
10032,10345,0.004466099619778063,0
10033,10346,0.0007930312500477044,0
10034,10347,0.0011870045744686308,0
10035,10348,0.0055442765224462676,0
10036,10349,0.024130354669864573,0
10037,10350,0.024129014266977222,0
10038,10351,0.02415359761681657,0
10039,10352,0.01622832474870961,0
10040,10353,0.00790378120874724,0
10041,10354,0.0006590230815639586,0
10042,10355,0.0007826427994706009,0
10043,10356,0.0005059275260945739,0
10044,10357,0.0006656098518984521,0
10045,10358,0.0008236422046943304,0
10046,10359,0.0004250395529936668,0
10047,10360,0.000284869680531763,0
10048,10361,0.000262634821836194,0
10049,10362,0.00013864774267613456,0
10050,10363,6.398469952095809e-05,0
10051,10364,0.00020654953341381344,0
10052,10365,0.00020035978731591797,0
10053,10366,0.0001368461232784668,0
10054,10367,9.928194614072794e-05,0
10055,10368,7.817400245713202e-05,0
10056,10369,0.0031248683595963556,0
10057,10370,0.004280879323653508,0
10058,10371,0.007491757768639751,0
10059,10372,0.007562719542506535,0
10060,10373,0.010640810421985059,0
10061,10374,0.01351831458005126,0
10062,10375,0.013929456385090688,0
10063,10376,0.01642451616232954,0
10064,10377,0.024480781650869865,0
10065,10378,0.028945082364742802,0
10066,10379,0.031197593424837855,0
10067,10380,0.03105604752742952,0
10068,10381,0.035699558730983405,0
10069,10382,0.03740119892204863,0
10070,10383,0.038285223114563394,0
10071,10384,0.03017556953374534,1
10072,10385,0.031547819935541455,1
10073,10386,0.02884594957970954,1
10074,10387,0.031923650657018854,1
10075,10388,0.03032331815155498,1
10076,10389,0.030247731126760158,1
10077,10390,0.0288383362027691,1
10078,10391,0.02898678292116319,1
10079,10392,0.03177565925136605,1
10080,10393,0.03180605109220114,1
10081,10394,0.027426400835738995,1
10082,10395,0.02686932820121335,1
10083,10396,0.02457886063933845,1
10084,10397,0.025435815638402026,1
10085,10398,0.023575116384705552,1
10086,10399,0.02195539529073809,1
10087,10400,0.021428318007856717,1
10088,10401,0.02236539143120897,1
10089,10402,0.024035647001052318,1
10090,10403,0.022034476863153962,1
10091,10404,0.02099877465743294,1
10092,10405,0.022117143222544655,1
10093,10406,0.0218649815515759,1
10094,10407,0.021369884923537086,1
10095,10408,0.021478740261731133,1
10096,10409,0.02025337908701985,1
10097,10410,0.020992344751656233,1
10098,10411,0.02050634380034122,1
10099,10412,0.02034369484096299,1
10100,10413,0.020122703699469113,1
10101,10414,0.02162876907358502,1
10102,10415,0.020320905859105842,1
10103,10416,0.02132963079300687,1
10104,10417,0.021078411691463295,1
10105,10418,0.022347352411699717,1
10106,10419,0.011135067393563958,1
10107,10420,0.009438843230355154,1
10108,10421,0.0005768679233764118,1
10109,10422,7.699720919340791e-05,1
10110,10423,0.00013022099321258196,1
10111,10424,0.00014462774538337442,1
10112,10425,0.00011553186443613583,1
10113,10426,7.971928331418354e-05,1
10114,10427,9.868156423031849e-05,1
10115,10428,0.00026063729920622336,1
10116,10429,0.0001655657719910053,1
10117,10430,0.0003408905787232186,1
10118,10431,0.017505312465534217,1
10119,10432,0.023433748434151802,1
10120,10433,0.01955910215414214,1
10121,10434,0.019375638942988438,1
10122,10435,0.0192221628014142,1
10123,10436,0.016848286703483595,1
10124,10437,0.01813405419166969,1
10125,10438,0.01830292097379349,1
10126,10439,0.0169350577327938,1
10127,10440,0.016856238922239086,1
10128,10441,0.021427612380999328,1
10129,10442,0.021008098381579465,1
10130,10443,0.018353111917747356,1
10131,10444,0.010663152748154658,1
10132,10445,0.011010873082383021,1
10133,10446,0.007240745685907157,1
10134,10447,0.006444056894192585,1
10135,10448,0.00817989820044307,1
10136,10449,0.015005011162232407,1
10137,10450,0.015000194046228543,1
10138,10451,0.017839109982933365,1
10139,10452,0.016181194506985186,1
10140,10453,0.01075531665193541,1
10141,10454,0.006679194044296288,1
10142,10455,0.006406685473027807,1
10143,10456,0.011469365716554769,1
10144,10457,0.012128226059092029,1
10145,10458,0.01339287382337151,1
10146,10459,0.014168901351294672,1
10147,10460,0.014323019568397655,1
10148,10461,0.01425640617673185,1
10149,10462,0.015300392241256233,1
10150,10463,0.01761321644834357,1
10151,10464,0.017662290701056627,1
10152,10465,0.019009656009670195,1
10153,10466,0.017192858501261732,1
10154,10467,0.01612877942883273,1
10155,10468,0.01597673967111568,1
10156,10469,0.015130533946822844,1
10157,10470,0.015265700228002999,1
10158,10471,0.027439408041812996,1
10159,10472,0.029055674038917623,1
10160,10473,0.028214302415602077,1
10161,10474,0.031400072139324386,1
10162,10475,0.03169320883952853,1
10163,10476,0.028336326905288978,1
10164,10477,0.02813318478940907,1
10165,10478,0.02137359875566691,1
10166,10479,0.01235513869639071,1
10167,10480,0.01175536150193679,1
10168,10481,0.014619301920010486,1
10169,10482,0.01595462069010889,1
10170,10483,0.01515975890892296,1
10171,10484,0.012675158813831189,1
10172,10485,0.01415923021204879,1
10173,10486,0.006257835425910407,1
10174,10487,0.000809533408211216,1
10175,10488,0.0001796423059392538,1
10176,10489,9.663852825170238e-05,1
10177,10490,0.00011693542862634132,1
10178,10491,0.00011014992339841712,1
10179,10492,4.1867523471239565e-05,1
10180,10493,0.00013615670882582975,1
10181,10494,0.0023281775590016096,1
10182,10495,0.0026372817942936777,1
10183,10496,0.007177401894469249,1
10184,10497,0.007861349385952288,1
10185,10498,0.00878799970949995,1
10186,10499,0.010099053756107423,1
10187,10500,0.0102494502642827,1
10188,10501,0.010451573084139909,1
10189,10502,0.011985036232932345,1
10190,10503,0.012473294787028522,1
10191,10504,0.014118031274674259,1
10192,10505,0.014091598954954598,0
10193,10506,0.019900683905667016,0
10194,10507,0.021442554597266295,0
10195,10508,0.024850368863955197,0
10196,10509,0.02468134915805731,0
10197,10510,0.02444289910629749,0
10198,10511,0.01990576072778527,1
10199,10512,0.017054408558069944,1
10200,10513,0.014873299120075067,1
10201,10514,0.012080339405426521,1
10202,10515,0.011840274693102337,1
10203,10516,0.0005236818785308017,0
10204,10517,0.0008643559521113175,0
10205,10518,0.00013186765948702828,0
10206,10519,0.0004820877979225813,0
10207,10520,0.0002485431358181245,0
10208,10521,0.0018125656742036256,0
10209,10522,0.0030789688181123154,1
10210,10523,0.003233285668770236,1
10211,10524,0.004802218324449825,1
10212,10525,0.004848261829921263,1
10213,10526,0.004581947579844758,1
10214,10527,0.003359523396523123,1
10215,10528,0.0031430929376954353,0
10216,10529,8.345871780157665e-05,0
10217,10530,0.0005284238731926294,0
10218,10531,0.0004964404650680265,0
10219,10532,0.0001526978860963979,0
10220,10533,0.00407237434483676,0
10221,10534,0.0037688259789074863,0
10222,10535,0.010053575889668487,0
10223,10536,0.01310131493942901,0
10224,10537,0.014067496258596712,0
10225,10538,0.01357579193282632,0
10226,10539,0.013905101855029578,0
10227,10540,0.014394067999616844,0
10228,10541,0.01616830746993614,0
10229,10542,0.017379918734723,0
10230,10543,0.017578547778863474,0
10231,10544,0.017175356313025247,0
10232,10545,0.017997866166874488,0
10233,10546,0.020930072805214195,0
10234,10547,0.02379539847144052,0
10235,10548,0.027384591920869283,0
10236,10549,0.02758391774500346,0
10237,10550,0.022782321603807,1
10238,10551,0.01807204480630542,1
10239,10552,0.017107170504824687,1
10240,10553,0.014685585411171154,1
10241,10554,0.014587045758780448,1
10242,10555,0.013877859089711286,1
10243,10556,0.01384318479686275,1
10244,10557,0.008250440213049437,1
10245,10558,0.006171695639162422,1
10246,10559,0.006117031562147268,1
10247,10560,0.0059446355894312575,1
10248,10561,0.009791046605942988,1
10249,10562,0.01066762876029248,1
10250,10563,0.011484076600348558,1
10251,10564,0.011578847646689816,1
10252,10565,0.010854065363370857,1
10253,10566,0.010755542149547992,1
10254,10567,0.01009371640509027,1
10255,10568,0.010107414686729932,1
10256,10569,0.01004624895395434,1
10257,10570,0.004441676494806757,1
10258,10571,9.91412019457627e-05,1
10259,10572,5.7524680050491384e-05,1
10260,10573,0.0011649040820378431,1
10261,10574,0.001191713279530937,1
10262,10575,0.0032841640315108833,1
10263,10576,0.00491839553155593,1
10264,10577,0.006447624702239807,1
10265,10578,0.009602492589218414,0
10266,10579,0.009604865367623283,0
10267,10580,0.010287452816525544,0
10268,10581,0.011647315807683079,0
10269,10582,0.011728285998701793,0
10270,10583,0.011572957667065786,0
10271,10584,0.011604004859589345,0
10272,10585,0.012782686205182081,0
10273,10586,0.012976397970234643,0
10274,10587,0.015162686816070803,0
10275,10588,0.015036432054590598,0
10276,10589,0.01603420189585858,0
10277,10590,0.013651155085312894,0
10278,10591,0.013486502111600629,0
10279,10592,0.014653567464768535,0
10280,10593,0.013636826471758567,0
10281,10594,0.013942079852749423,0
10282,10595,0.010201393140444992,0
10283,10596,0.008307530637300609,0
10284,10597,0.0053925710453590625,0
10285,10598,0.0020325058314618616,0
10286,10599,0.002084931669233292,0
10287,10600,0.0012620895548014488,0
10288,10601,0.0026628904465848535,0
10289,10602,0.0036426249145380396,0
10290,10603,0.0023981504151260324,0
10291,10604,0.00218734020957001,0
10292,10605,0.0026527165393286367,0
10293,10606,0.0007680848552240604,0
10294,10607,0.002697412217596451,0
10295,10608,0.00017701785457546748,0
10296,10609,8.383318301241616e-05,0
10297,10610,0.00011649378833844537,0
10298,10611,2.2572902439677023e-05,0
10299,10612,0.004541338187272537,0
10300,10613,0.009753670954940397,0
10301,10614,0.009491633711337322,0
10302,10615,0.009707366394413164,0
10303,10616,0.012453745134338057,0
10304,10617,0.01408556775297054,0
10305,10618,0.01578877286279301,0
10306,10619,0.015587158517656796,0
10307,10620,0.01444838833076112,0
10308,10621,0.015259223741679762,0
10309,10622,0.012986028360435498,0
10310,10623,0.013385943476874829,0
10311,10624,0.013315242460381072,0
10312,10625,0.019656633498029485,0
10313,10626,0.014179846955603814,0
10314,10627,0.005581735951644795,0
10315,10628,0.0058225135850298315,0
10316,10629,0.005874462068338637,0
10317,10630,8.773110088533542e-05,0
10318,10631,4.15117483063554e-05,0
10319,10632,2.429362970435278e-05,0
10320,10633,0.00047703489761996565,0
10321,10634,4.956972928482628e-05,0
10322,10635,0.003510294201909403,0
10323,10636,0.0002660761923571897,0
10324,10637,0.000453595251035388,0
10325,10638,0.002887570047050758,0
10326,10639,0.002767609665588644,0
10327,10640,0.019618978620878913,0
10328,10641,0.016207639205275015,0
10329,10642,0.00013935009790078112,0
10330,10643,0.00036229489798511594,0
10331,10644,0.00040984667919463647,0
10332,10645,0.0003419267083959454,0
10333,10646,0.0043706973148207595,0
10334,10647,0.01405975898365952,0
10335,10648,0.01914935003458318,0
10336,10649,0.020047372862936896,0
10337,10650,0.021662154509731302,0
10338,10651,0.026649414896628976,0
10339,10652,0.02608941942598264,0
10340,10653,0.023147508578386322,0
10341,10654,0.024932791227984197,0
10342,10655,0.02673669224229691,0
10343,10656,0.025927975539034698,0
10344,10657,0.026135493195259762,1
10345,10658,0.024380497551950597,1
10346,10659,0.02631071429734355,1
10347,10660,0.02631071429734355,1
10348,10661,0.02499626502182828,1
10349,10662,0.026280050911285713,1
10350,10663,0.026288833217101626,1
10351,10664,0.026288833217101626,1
10352,10665,0.025716345577996513,1
10353,10666,0.024475524882380917,1
10354,10667,0.02755838733014304,1
10355,10668,0.02755838733014304,1
10356,10669,0.02755838733014304,1
10357,10670,0.02755838733014304,1
10358,10671,0.02755838733014304,1
